SIMULATION LOG
================================================================================
MPC iteration: 15
n_substeps: 1
n_nodes: 2
max residual inf: 2.089994843857e-14
max constraint norm: 5.551115123126e-17
LGVI solve failures accepted by residual tolerance: 0
maximum accepted residual: 0.000000000000e+00
local simulation step of maximum accepted residual: None
hard failure occurred: False

Final state:
  k: 1.0
  t: 0.1
  u: 8.319181407750364
  thetaR1_rad: 0.5928072795489495
  thetaR2_rad: -3.027772764038408
  thetaR1_deg: 33.965355182786766
  thetaR2_deg: -173.47860070406045
  thetaF1_rad: 0.7206426995290132
  thetaF2_rad: 0.9671461753256823
  thetaF1_deg: 41.28978521992677
  thetaF2_deg: 55.41339401838115
  R1_orth_error: 5.387392297300934e-16
  R2_orth_error: 5.16301729326282e-16
  F1_orth_error: 2.512333611514609e-16
  F2_orth_error: 3.3000614592832026e-17
  R1_det_error: 1.1102230246251565e-16
  R2_det_error: 4.440892098500626e-16
  F1_det_error: 3.3306690738754696e-16
  F2_det_error: 2.220446049250313e-16
  base_x: 0.0
  base_y: 0.0
  elbow_x: 0.5586915103350331
  elbow_y: -0.8293755459859904
  tip_x: 0.4451172171354221
  tip_y: 0.1641539603318687
  target_angle_error_norm_rad: 2.5513255084724125
  target_angle_error_norm_deg: 146.18018379953799
  target_step_error_norm_rad: 1.2061084631290666
  target_step_error_norm_deg: 69.10492457230558
  target_error_R1_deg: -146.03464481721323
  target_error_R2_deg: 6.521399295939531
  target_error_F1_deg: 41.28978521992677
  target_error_F2_deg: 55.41339401838116

F0 generated for next SDP iteration:
  This value will be used as F0 at MPC iteration 16.
  thetaF1_next_sdp_F0_rad: 0.7206426995290129
  thetaF1_next_sdp_F0_deg: 41.28978521992676
  thetaF2_next_sdp_F0_rad: 0.9671461753256824
  thetaF2_next_sdp_F0_deg: 55.413394018381155
  max_step_angle_deg_link1: 59.99999999999999
  max_step_angle_deg_link2: 59.99999999999999
  next_sdp_initial_f1_within_max_step: True
  next_sdp_initial_f2_within_max_step: True

Raw next SDP initial values:
  c1_0: 0.8293755459859903
  s1_0: 0.558691510335033
  c2_0: -0.993529506317859
  s2_0: -0.11357429319961097
  a1_prev: 0.7513817876805144
  b1_prev: 0.6598677209426401
  a2_prev: 0.567651305179939
  b2_prev: 0.823269090715491
  thetaR1: 0.5928072795489495
  thetaR2: -3.027772764038408
  thetaF1_prev: 0.7206426995290129
  thetaF2_prev: 0.9671461753256824
  thetaF1_last_fine: 0.7206426995290132
  thetaF2_last_fine: 0.9671461753256823
