SIMULATION LOG
================================================================================
MPC iteration: 11
n_substeps: 1
n_nodes: 2
max residual inf: 3.219646771413e-15
max constraint norm: 1.241267076624e-16
LGVI solve failures accepted by residual tolerance: 0
maximum accepted residual: 0.000000000000e+00
local simulation step of maximum accepted residual: None
hard failure occurred: False

Final state:
  k: 1.0
  t: 0.1
  u: 0.4554016114380785
  thetaR1_rad: -1.0223014007916382
  thetaR2_rad: 0.04353045465740603
  thetaR1_deg: -58.573555655672905
  thetaR2_deg: 2.4941113321549633
  thetaF1_rad: -0.19474468340876422
  thetaF2_rad: 0.8989515768426356
  thetaF1_deg: -11.158048441933575
  thetaF2_deg: 51.50613133971333
  R1_orth_error: 5.55892243040484e-16
  R2_orth_error: 5.903013586088466e-16
  F1_orth_error: 3.4035204788845475e-18
  F2_orth_error: 4.715987578071724e-16
  R1_det_error: 4.440892098500626e-16
  R2_det_error: 3.3306690738754696e-16
  F1_det_error: 0.0
  F2_det_error: 4.440892098500626e-16
  base_x: 0.0
  base_y: 0.0
  elbow_x: -0.8533102391297536
  elbow_y: -0.5214035249174316
  tip_x: -0.8097935308164754
  tip_y: -1.5204562242769684
  target_angle_error_norm_rad: 3.7535829287016624
  target_angle_error_norm_deg: 215.06445986696025
  target_step_error_norm_rad: 0.9198040167469591
  target_step_error_norm_deg: 52.70088813878125
  target_error_R1_deg: 121.42644434432707
  target_error_R2_deg: -177.50588866784503
  target_error_F1_deg: -11.158048441933579
  target_error_F2_deg: 51.50613133971331

F0 generated for next SDP iteration:
  This value will be used as F0 at MPC iteration 12.
  thetaF1_next_sdp_F0_rad: -0.19474468340876405
  thetaF1_next_sdp_F0_deg: -11.158048441933566
  thetaF2_next_sdp_F0_rad: 0.8989515768426357
  thetaF2_next_sdp_F0_deg: 51.506131339713335
  max_step_angle_deg_link1: 59.99999999999999
  max_step_angle_deg_link2: 59.99999999999999
  next_sdp_initial_f1_within_max_step: True
  next_sdp_initial_f2_within_max_step: True

Raw next SDP initial values:
  c1_0: 0.5214035249174318
  s1_0: -0.8533102391297538
  c2_0: 0.9990526993595368
  s2_0: 0.0435167083132781
  a1_prev: 0.9810971093846803
  b1_prev: -0.19351605090282686
  a2_prev: 0.6224308845580049
  b2_prev: 0.7826747689483414
  thetaR1: -1.0223014007916382
  thetaR2: 0.04353045465740603
  thetaF1_prev: -0.19474468340876405
  thetaF2_prev: 0.8989515768426357
  thetaF1_last_fine: -0.19474468340876422
  thetaF2_last_fine: 0.8989515768426356
