SIMULATION LOG
================================================================================
MPC iteration: 19
n_substeps: 1
n_nodes: 2
max residual inf: 2.386979502944e-15
max constraint norm: 5.551115123126e-17
LGVI solve failures accepted by residual tolerance: 0
maximum accepted residual: 0.000000000000e+00
local simulation step of maximum accepted residual: None
hard failure occurred: False

Final state:
  k: 1.0
  t: 0.1
  u: -15.58455341908414
  thetaR1_rad: 2.4421463993401256
  thetaR2_rad: -2.1904053449184224
  thetaR1_deg: 139.92468163525973
  thetaR2_deg: -125.50098168672297
  thetaF1_rad: 0.228484906767107
  thetaF2_rad: -0.6536232067324963
  thetaF1_deg: 13.091220840195334
  thetaF2_deg: -37.44985113757893
  R1_orth_error: 7.862170473515388e-16
  R2_orth_error: 9.625731085662142e-16
  F1_orth_error: 1.5727469854672357e-16
  F2_orth_error: 3.146330248092017e-16
  R1_det_error: 2.220446049250313e-16
  R2_det_error: 7.771561172376096e-16
  F1_det_error: 2.220446049250313e-16
  F2_det_error: 0.0
  base_x: 0.0
  base_y: 0.0
  elbow_x: 0.6437940603788168
  elbow_y: 0.7651988028094113
  tip_x: -0.1703115082877854
  tip_y: 1.3459157072181156
  target_angle_error_norm_rad: 1.1806703006179902
  target_angle_error_norm_deg: 67.64742522185298
  target_step_error_norm_rad: 0.6924078631844424
  target_step_error_norm_deg: 39.67204826214028
  target_error_R1_deg: -40.07531836474027
  target_error_R2_deg: 54.499018313277006
  target_error_F1_deg: 13.091220840195339
  target_error_F2_deg: -37.449851137578946

F0 generated for next SDP iteration:
  This value will be used as F0 at MPC iteration 20.
  thetaF1_next_sdp_F0_rad: 0.22848490676710745
  thetaF1_next_sdp_F0_deg: 13.09122084019536
  thetaF2_next_sdp_F0_rad: -0.6536232067324964
  thetaF2_next_sdp_F0_deg: -37.44985113757894
  max_step_angle_deg_link1: 59.99999999999999
  max_step_angle_deg_link2: 59.99999999999999
  next_sdp_initial_f1_within_max_step: True
  next_sdp_initial_f2_within_max_step: True

Raw next SDP initial values:
  c1_0: -0.7651988028094114
  s1_0: 0.6437940603788167
  c2_0: -0.5807169044087042
  s2_0: -0.8141055686666019
  a1_prev: 0.9740106845473427
  b1_prev: 0.22650206707139983
  a2_prev: 0.793885862547021
  b2_prev: -0.6080668032773794
  thetaR1: 2.4421463993401256
  thetaR2: -2.1904053449184224
  thetaF1_prev: 0.22848490676710745
  thetaF2_prev: -0.6536232067324964
  thetaF1_last_fine: 0.228484906767107
  thetaF2_last_fine: -0.6536232067324963
