MPC-SDP FINAL RESULT
================================================================================
Stopped: True
Reason: target reached: absolute angle errors and F step-angle errors are within tolerances
Iterations: 11

MPC settings:
  mpc_max_iterations: 35
  mpc_stop_angle_tol_deg: 2.0
  mpc_stop_step_angle_tol_deg: 2.0
  cleanup_solver_artifacts: True

Applied controls:
  j=0: t=0.100000, u_1=+3.687047418055e+00, thetaR1=-20.473919 deg, thetaR2=+64.700553 deg, target_norm=196.831230 deg
  j=1: t=0.200000, u_1=-3.225015955777e+00, thetaR1=-33.441707 deg, thetaR2=+124.230441 deg, target_norm=156.810641 deg
  j=2: t=0.300000, u_1=+4.552512739357e+00, thetaR1=-19.858054 deg, thetaR2=+177.026027 deg, target_norm=160.169559 deg
  j=3: t=0.400000, u_1=-8.721332010758e+00, thetaR1=+11.982533 deg, thetaR2=-179.407427 deg, target_norm=168.018512 deg
  j=4: t=0.500000, u_1=+2.051097139827e+00, thetaR1=+45.335058 deg, thetaR2=-161.236485 deg, target_norm=135.965863 deg
  j=5: t=0.600000, u_1=+5.221452351308e+00, thetaR1=+102.086179 deg, thetaR2=-101.236485 deg, target_norm=110.789236 deg
  j=6: t=0.700000, u_1=-2.191283534950e+00, thetaR1=+146.005704 deg, thetaR2=-106.413115 deg, target_norm=81.059495 deg
  j=7: t=0.800000, u_1=-7.133850603318e+00, thetaR1=+163.971671 deg, thetaR2=-161.933535 deg, target_norm=24.151697 deg
  j=8: t=0.900000, u_1=-2.780480631522e+00, thetaR1=-175.392094 deg, thetaR2=+157.670536 deg, target_norm=22.799951 deg
  j=9: t=1.000000, u_1=+5.607452911836e+00, thetaR1=+176.975196 deg, thetaR2=+179.060243 deg, target_norm=3.167425 deg
  j=10: t=1.100000, u_1=-1.631458748777e+00, thetaR1=+178.154568 deg, thetaR2=+178.879275 deg, target_norm=2.159084 deg

Final state:
  k: 11.0
  t: 1.1
  u: -1.6314587487770686
  thetaR1_rad: 3.109383787347558
  thetaR2_rad: 3.1220323171593978
  thetaR1_deg: 178.15456790141855
  thetaR2_deg: 178.87927527668236
  thetaF1_rad: 0.020583915366429187
  thetaF2_rad: -0.0031584820204002234
  thetaF1_deg: 1.1793714763508738
  thetaF2_deg: -0.180967689436886
  R1_orth_error: 9.813078480711822e-13
  R2_orth_error: 1.643888327852325e-13
  F1_orth_error: 9.42056112332821e-16
  F2_orth_error: 3.140185131988306e-16
  R1_det_error: 6.938893903907228e-13
  R2_det_error: 1.163513729807164e-13
  F1_det_error: 6.661338147750939e-16
  F2_det_error: 2.220446049250313e-16
  base_x: 0.0
  base_y: 0.0
  elbow_x: 0.016101648779362012
  elbow_y: 0.49974066965435787
  tip_x: 0.025881193346742874
  tip_y: 0.99964502101375
  target_angle_error_norm_rad: 0.03768312388696618
  target_angle_error_norm_deg: 2.15908395759178
  target_step_error_norm_rad: 0.02082483086331092
  target_step_error_norm_deg: 1.193174917541494
  target_error_R1_deg: -1.8454320985814607
  target_error_R2_deg: -1.1207247233176432
  target_error_F1_deg: 1.1793714763508698
  target_error_F2_deg: -0.18096768943687508
  mpc_iteration: 10.0
