SIMULATION LOG
================================================================================
MPC iteration: 23
n_substeps: 1
n_nodes: 2
max residual inf: 2.775557561563e-17
max constraint norm: 1.110223024625e-16
LGVI solve failures accepted by residual tolerance: 0
maximum accepted residual: 0.000000000000e+00
local simulation step of maximum accepted residual: None
hard failure occurred: False

Final state:
  k: 1.0
  t: 0.1
  u: 0.38274207073111854
  thetaR1_rad: 3.0687594384947463
  thetaR2_rad: 3.051682489304732
  thetaR1_deg: 175.8269641666853
  thetaR2_deg: 174.84852705113812
  thetaF1_rad: 0.02036025837073494
  thetaF2_rad: 0.03244149759614181
  thetaF1_deg: 1.1665568744390178
  thetaF2_deg: 1.8587608933427313
  R1_orth_error: 8.991466083415504e-16
  R2_orth_error: 9.647979538749173e-16
  F1_orth_error: 6.496281172782261e-19
  F2_orth_error: 1.5705216459909346e-16
  R1_det_error: 2.220446049250313e-16
  R2_det_error: 6.661338147750939e-16
  F1_det_error: 1.1102230246251565e-16
  F2_det_error: 1.1102230246251565e-16
  base_x: 0.0
  base_y: 0.0
  elbow_x: 0.07276883938919425
  elbow_y: 0.9973488336655083
  tip_x: 0.16255791609883002
  tip_y: 1.9933096369623202
  target_angle_error_norm_rad: 0.11570875015679696
  target_angle_error_norm_deg: 6.6296230367181685
  target_step_error_norm_rad: 0.038301317042675725
  target_step_error_norm_deg: 2.1945038163378108
  target_error_R1_deg: -4.173035833314701
  target_error_R2_deg: -5.151472948861879
  target_error_F1_deg: 1.1665568744390065
  target_error_F2_deg: 1.8587608933427429

F0 generated for next SDP iteration:
  This value will be used as F0 at MPC iteration 24.
  thetaF1_next_sdp_F0_rad: 0.020360258370734883
  thetaF1_next_sdp_F0_deg: 1.1665568744390147
  thetaF2_next_sdp_F0_rad: 0.0324414975961419
  thetaF2_next_sdp_F0_deg: 1.8587608933427364
  max_step_angle_deg_link1: 59.99999999999999
  max_step_angle_deg_link2: 59.99999999999999
  next_sdp_initial_f1_within_max_step: True
  next_sdp_initial_f2_within_max_step: True

Raw next SDP initial values:
  c1_0: -0.9973488336655085
  s1_0: 0.07276883938919435
  c2_0: -0.9959608032968118
  s2_0: 0.0897890767096356
  a1_prev: 0.9997927370995864
  b1_prev: 0.02035885170922992
  a2_prev: 0.9994738207674324
  b2_prev: 0.032435807382416235
  thetaR1: 3.0687594384947463
  thetaR2: 3.051682489304732
  thetaF1_prev: 0.020360258370734883
  thetaF2_prev: 0.0324414975961419
  thetaF1_last_fine: 0.02036025837073494
  thetaF2_last_fine: 0.03244149759614181
