/n/home12/eelshani/.conda/envs/spot_env/bin/python
Python 3.13.13
csp_construct execution time: 0.00145668 s
Generate cI execution time: 0.00349319 s
Assign Constraints execution time: 0.00157417 s
Record Monomials execution time: 0.0134212 s
Construct C execution time: 0.0102155 s
Generate tI execution time: 0.514853 s
615169  3857559
615169  3890151
615169  3890151  1990212  634300
SOS Conversion execution time: 0.888428 s
Construction Finish!
Problem
  Name                   : mosek_standard_sdp_test_2
  Objective sense        : maximize        
  Type                   : CONIC (conic optimization problem)
  Constraints            : 615169          
  Affine conic cons.     : 0               
  Disjunctive cons.      : 0               
  Cones                  : 0               
  Scalar variables       : 634301          
  Matrix variables       : 200 (scalarized: 3865707)
  Integer variables      : 0               

Optimizer started.
Presolve started.
Linear dependency checker started.
Linear dependency checker terminated.
Eliminator started.
Freed constraints in eliminator : 0
Eliminator terminated.
Eliminator started.
Freed constraints in eliminator : 0
Eliminator terminated.
Eliminator - tries                  : 2                 time                   : 0.00            
Lin. dep.  - tries                  : 1                 time                   : 0.13            
Lin. dep.  - primal attempts        : 1                 successes              : 1               
Lin. dep.  - dual attempts          : 0                 successes              : 0               
Lin. dep.  - primal deps.           : 0                 dual deps.             : 0               
Presolve terminated. Time: 0.52    
Optimizer  - threads                : 16              
Optimizer  - solved problem         : the primal      
Optimizer  - Constraints            : 615169          
Optimizer  - Cones                  : 1               
Optimizer  - Scalar variables       : 320006            conic                  : 320006          
Optimizer  - Semi-definite variables: 200               scalarized             : 3865707         
Factor     - setup time             : 997.74          
Factor     - dense det. time        : 442.63            GP order time          : 0.58            
Factor     - nonzeros before factor : 5.41e+09          after factor           : 5.91e+09        
Factor     - dense dim.             : 2                 flops                  : 6.24e+13        
Factor     - GP saved nzs           : 5.76e+08          GP saved flops         : 1.48e+13        
ITE PFEAS    DFEAS    GFEAS    PRSTATUS   POBJ              DOBJ              MU       TIME  
0   1.1e+02  1.0e+00  1.0e+00  0.00e+00   -0.000000000e+00  -0.000000000e+00  1.0e+00  1000.37
1   1.1e+02  9.9e-01  9.7e-01  8.58e-02   -1.811251231e-02  1.143636935e-03   9.9e-01  1111.57
2   1.1e+02  9.7e-01  8.6e-01  4.40e+00   8.697047763e+00   8.741118979e+00   9.7e-01  1219.28
3   1.0e+02  9.4e-01  8.5e-01  2.63e+00   7.335176933e+00   7.320488760e+00   9.4e-01  1326.83
4   9.7e+01  8.8e-01  7.2e-01  2.14e+00   1.420792847e+01   1.421367069e+01   8.8e-01  1434.45
5   7.5e+01  6.7e-01  4.7e-01  2.09e+00   2.694600252e+01   2.691014203e+01   6.7e-01  1543.58
6   5.1e+01  4.6e-01  2.5e-01  1.46e+00   3.147438330e+01   3.145647606e+01   4.6e-01  1651.32
7   2.7e+01  2.4e-01  7.8e-02  1.67e+00   2.342895026e+01   2.344099965e+01   2.4e-01  1762.09
8   1.2e+01  1.1e-01  2.1e-02  1.37e+00   2.094566883e+01   2.095252027e+01   1.1e-01  1875.91
9   7.9e+00  7.1e-02  1.1e-02  1.12e+00   2.077763791e+01   2.078281498e+01   7.1e-02  1987.04
10  4.8e+00  4.3e-02  5.0e-03  1.12e+00   2.040624126e+01   2.041026648e+01   4.3e-02  2096.58
11  2.9e+00  2.6e-02  2.2e-03  1.15e+00   1.963165035e+01   1.963469489e+01   2.6e-02  2206.43
12  2.2e+00  2.0e-02  1.4e-03  1.19e+00   1.871745462e+01   1.871993789e+01   2.0e-02  2316.76
13  1.5e+00  1.4e-02  7.8e-04  1.20e+00   1.731663268e+01   1.731846124e+01   1.4e-02  2426.70
14  1.3e+00  1.2e-02  6.1e-04  1.15e+00   1.678274362e+01   1.678432762e+01   1.2e-02  2536.16
15  8.0e-01  7.2e-03  2.8e-04  1.12e+00   1.569173191e+01   1.569273585e+01   7.2e-03  2648.15
16  6.5e-01  5.8e-03  2.1e-04  1.01e+00   1.556838514e+01   1.556922136e+01   5.8e-03  2757.65
17  4.3e-01  3.9e-03  1.1e-04  9.77e-01   1.536314722e+01   1.536372648e+01   3.9e-03  2866.55
18  3.4e-01  3.1e-03  7.9e-05  9.27e-01   1.530308553e+01   1.530356182e+01   3.1e-03  2975.70
19  1.3e-01  1.2e-03  1.9e-05  9.00e-01   1.497452842e+01   1.497473808e+01   1.2e-03  3088.12
20  8.1e-02  7.3e-04  9.6e-06  8.25e-01   1.484212351e+01   1.484226299e+01   7.3e-04  3197.18
21  5.4e-02  4.8e-04  5.3e-06  8.14e-01   1.477105967e+01   1.477115725e+01   4.8e-04  3306.70
22  3.7e-02  3.3e-04  3.1e-06  8.33e-01   1.469194753e+01   1.469201761e+01   3.3e-04  3415.79
23  2.1e-02  1.9e-04  1.4e-06  8.44e-01   1.461312515e+01   1.461316814e+01   1.9e-04  3524.17
24  8.6e-03  7.7e-05  3.6e-07  8.90e-01   1.451570503e+01   1.451572343e+01   7.7e-05  3632.91
25  2.8e-03  2.5e-05  6.7e-08  9.45e-01   1.446073231e+01   1.446073855e+01   2.5e-05  3742.17
26  3.6e-04  3.2e-06  3.1e-09  9.78e-01   1.443319050e+01   1.443319127e+01   3.2e-06  3855.32
27  6.2e-05  4.9e-07  1.9e-10  9.96e-01   1.442864956e+01   1.442864967e+01   4.8e-07  3967.42
28  1.9e-06  1.6e-08  5.1e-13  1.00e+00   1.442784644e+01   1.442784644e+01   9.5e-09  4085.96
29  1.9e-07  4.4e-07  1.5e-14  1.00e+00   1.442783287e+01   1.442783287e+01   9.1e-10  4214.58
Optimizer terminated. Time: 4214.93 


Interior-point solution summary
  Problem status  : PRIMAL_AND_DUAL_FEASIBLE
  Solution status : OPTIMAL
  Primal.  obj: 1.4427832870e+01    nrm: 2e+02    Viol.  con: 1e-07    var: 0e+00    barvar: 0e+00  
  Dual.    obj: 1.4427832870e+01    nrm: 2e+01    Viol.  con: 0e+00    var: 5e-10    barvar: 4e-10  
Ordered solution (v_opt_ordered):
[ 1.00000000e+00  1.00000000e+00  9.99999950e-01  9.99999885e-01
  9.99999859e-01  9.99999851e-01  9.99999850e-01  9.99999850e-01
  9.99999845e-01  9.99999829e-01  9.99999814e-01  9.99999805e-01
  9.99999797e-01  9.99999792e-01  9.99999802e-01  9.99999831e-01
  9.99999866e-01  9.99999893e-01  9.99999884e-01  9.99999873e-01
  9.99999998e-01  5.11749180e-17 -1.25462765e-17 -2.57543750e-18
 -8.61148897e-18  1.97723160e-17  5.07966399e-17  4.08178810e-17
  2.16565777e-18  5.39300598e-18 -2.04397912e-17 -1.48148146e-17
 -2.04270634e-18  3.80778717e-18 -7.81317276e-18 -1.39910356e-18
  4.15024679e-18  2.41714224e-17 -6.32387100e-18 -1.02688947e-17
 -1.71227395e-17  1.30616668e-17  1.33770476e-17  4.15517586e-17
 -4.75291076e-18 -4.82953242e-18 -2.68694522e-17 -4.04660465e-17
  1.90988316e-18 -4.91184420e-17 -1.47351025e-17  2.26099290e-18
  5.97369635e-18  1.40495636e-17  8.10773196e-18 -1.49322007e-17
 -1.14388130e-17  1.41892836e-17 -1.19284664e-17 -3.50470826e-17
  1.53066947e-17 -8.06959917e-18  8.66576554e-18  5.73708257e-18
  2.34495763e-17  1.44279226e-17 -1.01009513e-17 -4.36371124e-18
 -2.44323453e-17 -1.04853950e-17 -1.22074213e-17 -2.51516516e-17
  7.42475421e-18  2.39110943e-19  3.59398082e-18  3.49035210e-17
 -2.50661869e-18  9.22735173e-18  7.62032766e-18  4.40567684e-18
  1.11916971e-17 -4.93802934e-18 -2.18392642e-18 -2.05118349e-18
  1.00000000e+00  1.00000000e+00  9.99220354e-01  9.95503860e-01
  9.90511750e-01  9.89823137e-01  9.95681975e-01  9.99891971e-01
  9.86012466e-01  9.43454410e-01  8.82657286e-01  8.34195955e-01
  8.30245749e-01  8.82111640e-01  9.62115935e-01  9.99310528e-01
  9.17840594e-01  7.11604838e-01  4.61700699e-01  2.65735115e-01
  1.83515942e-01  1.10958022e-14 -1.37140601e-10 -3.94789970e-02
 -9.47198591e-02 -1.37427073e-01 -1.42301989e-01 -9.28282929e-02
  1.46879287e-02  1.66670665e-01  3.31501834e-01  4.70016812e-01
  5.51467855e-01  5.57397216e-01  4.71039980e-01  2.72639869e-01
 -3.71221235e-02 -3.96948728e-01 -7.02579732e-01 -8.87035660e-01
 -9.64046024e-01 -9.83016728e-01 -2.88046034e-16 -4.81114455e-17
 -1.06286376e-17 -9.47965680e-18 -8.75960406e-18 -2.38122982e-17
  6.62463113e-18 -6.45039446e-17  6.30686330e-17 -8.08096300e-18
 -1.10710808e-17  6.94467265e-18  4.56764232e-17 -4.74510214e-17
 -1.06379971e-16  5.13525098e-18  5.00121266e-17  7.17670244e-17
 -1.10912165e-17 -3.88242980e-19 -1.81802905e-18  7.35406021e-14
 -4.40480868e-10  3.94790068e-02  9.47198603e-02  1.37427064e-01
  1.42301992e-01  9.28283131e-02 -1.46878943e-02 -1.66670619e-01
 -3.31501769e-01 -4.70016723e-01 -5.51467755e-01 -5.57397125e-01
 -4.71039907e-01 -2.72639821e-01  3.71221413e-02  3.96948726e-01
  7.02579712e-01  8.87035624e-01  9.64045959e-01  9.83016730e-01
  1.00000000e+00  1.00000000e+00  9.99220398e-01  9.95503954e-01
  9.90511864e-01  9.89823253e-01  9.95682086e-01  9.99892077e-01
  9.86012564e-01  9.43454501e-01  8.82657373e-01  8.34196048e-01
  8.30245860e-01  8.82111780e-01  9.62116089e-01  9.99310664e-01
  9.17840689e-01  7.11604893e-01  4.61700731e-01  2.65735131e-01
  1.83515943e-01  1.00000000e+00  9.99999945e-01  9.99999925e-01
  9.99999925e-01  9.99999923e-01  9.99999924e-01  9.99999923e-01
  9.99999916e-01  9.99999907e-01  9.99999904e-01  9.99999901e-01
  9.99999894e-01  9.99999886e-01  9.99999882e-01  9.99999879e-01
  9.99999888e-01  9.99999908e-01  9.99999921e-01  9.99999905e-01
  9.99999877e-01  2.68927948e-17 -7.21803886e-18  4.25719193e-18
  2.16672179e-17  3.16112246e-18 -6.67284332e-18 -2.01096820e-18
  4.90668712e-18 -2.34481533e-17 -1.00251991e-18  9.50121386e-18
  3.93167548e-18 -1.43108759e-17 -1.83195488e-17  1.74800433e-17
 -1.36859208e-17  1.77845697e-17  1.00851796e-17 -1.47126328e-17
 -1.46172530e-17 -1.25612122e-18  2.75420679e-18  2.46368524e-17
  1.07452949e-17 -2.13176730e-17 -5.79405262e-19  1.95600830e-18
 -1.32356846e-17  1.10139982e-18 -4.96032499e-18 -1.29731520e-17
 -4.09180839e-18  2.09376801e-18  6.06659540e-18 -1.89959097e-17
  9.70242860e-18  5.75156425e-18 -3.10300889e-17  5.95915470e-18
 -1.58234386e-17  1.99335704e-17  1.59662248e-17 -1.01285099e-18
 -2.75832098e-17 -8.81756796e-18 -2.21255229e-17  1.09343931e-18
 -5.37149830e-18  1.88143207e-17 -6.73197215e-18  1.29401971e-17
  1.46874718e-17  6.24297596e-18  7.22962596e-18 -1.50198004e-17
  1.97014213e-17 -2.04876573e-17 -1.34205494e-17 -8.69570043e-19
  5.82694409e-18  1.00000000e+00  9.99220347e-01  9.98467245e-01
  9.99075510e-01  9.99987800e-01  9.98758935e-01  9.94211191e-01
  9.88354222e-01  9.85509664e-01  9.88558568e-01  9.95508519e-01
  9.99974510e-01  9.94926056e-01  9.77118231e-01  9.51331917e-01
  9.31943623e-01  9.32028156e-01  9.51761884e-01  9.77833366e-01
  9.96439930e-01 -5.87703226e-15 -3.94790080e-02 -5.53445271e-02
 -4.29880452e-02 -4.92328835e-03  4.98039382e-02  1.07442776e-01
  1.52170179e-01  1.69618748e-01  1.50836891e-01  9.46709450e-02
  7.12459802e-03 -1.00607689e-01 -2.12696310e-01 -3.08167706e-01
 -3.62602886e-01 -3.62385601e-01 -3.06837329e-01 -2.09384176e-01
 -8.43042387e-02  2.66876872e-18 -3.81048624e-18 -2.50149779e-18
  3.14124879e-18  9.62732124e-18 -7.22231952e-18  1.07896582e-18
 -1.21550813e-17  8.23126115e-19 -2.70742744e-18  5.72886036e-18
 -7.77895431e-19  1.13378368e-17  1.11056689e-17  1.51841879e-17
  2.07693050e-17  9.96506707e-18 -7.65684134e-19  1.87180908e-17
  6.36796540e-18  2.22232682e-13  3.94790099e-02  5.53445233e-02
  4.29880383e-02  4.92328079e-03 -4.98039479e-02 -1.07442787e-01
 -1.52170188e-01 -1.69618748e-01 -1.50836883e-01 -9.46709310e-02
 -7.12457714e-03  1.00607717e-01  2.12696344e-01  3.08167749e-01
  3.62602929e-01  3.62385631e-01  3.06837347e-01  2.09384182e-01
  8.43042379e-02  1.00000000e+00  9.99220397e-01  9.98467309e-01
  9.99075578e-01  9.99987872e-01  9.98759005e-01  9.94211258e-01
  9.88354290e-01  9.85509735e-01  9.88558643e-01  9.95508601e-01
  9.99974601e-01  9.94926150e-01  9.77118320e-01  9.51332004e-01
  9.31943706e-01  9.32028230e-01  9.51761949e-01  9.77833426e-01
  9.96440017e-01  4.74630263e-20 -5.83247901e-18  6.80055930e-18
  1.20749680e-18  8.87514832e-18 -3.43989384e-18 -6.04445648e-18
  5.91218893e-17  1.33552391e-18 -4.66348993e-18  1.75348312e-18
  1.44067723e-17  6.24025198e-18  1.69626678e-17  5.54181302e-17
  2.43412292e-17  4.29727116e-17 -5.65593432e-17 -4.75085200e-18
 -1.31844294e+00 -7.22926754e-01 -5.17114690e-02  5.91467566e-01
  1.11818352e+00  1.46323620e+00  1.56559176e+00  1.38064914e+00
  9.42301404e-01  3.79289599e-01 -1.82480522e-01 -7.17168689e-01
 -1.26394969e+00 -1.78094387e+00 -1.99862002e+00 -1.78038885e+00
 -1.13218416e+00 -5.06174726e-01 -1.46544076e-01 -1.16868328e-05
  2.85855633e-02  4.91822291e-03 -8.20453712e-02 -1.60751448e-01
 -1.36441038e-01  2.29728640e-02  2.33359494e-01  3.31096181e-01
  2.01975804e-01 -1.20629023e-01 -4.81464571e-01 -6.74919861e-01
 -5.04650254e-01  7.42725556e-02  7.70029281e-01  1.11787290e+00
  9.72523403e-01  5.31649282e-01]
[ 1.00000000e+00  1.00000000e+00  9.99999939e-01  9.99999841e-01
  9.99999796e-01  9.99999775e-01  9.99999766e-01  9.99999760e-01
  9.99999750e-01  9.99999723e-01  9.99999693e-01  9.99999672e-01
  9.99999656e-01  9.99999647e-01  9.99999658e-01  9.99999700e-01
  9.99999757e-01  9.99999805e-01  9.99999815e-01  9.99999844e-01
  9.99999997e-01  1.45371307e-16  3.32752905e-17 -1.75410815e-19
  1.84348078e-17 -8.36046977e-18  2.58290013e-17 -3.09782990e-17
  2.55084737e-17  6.11023629e-18  1.90816735e-17 -2.47100545e-17
 -3.00945156e-17 -8.37950629e-18 -9.05019783e-18  2.77813907e-17
  5.43470115e-17 -3.96057133e-17  6.81391287e-17  3.83030365e-18
  2.77383149e-17 -2.55092007e-17  4.70791191e-17 -8.85516843e-17
  1.48773667e-17 -6.07864524e-17 -8.31755295e-18  1.62441654e-17
  3.87365536e-17  5.08665956e-17  3.47451845e-17 -2.48236676e-18
 -4.76597093e-18 -3.24197135e-18  1.75575483e-17  1.67879862e-17
  1.44601618e-17 -7.79419780e-17  5.58429098e-18  5.97049259e-17
  2.68071310e-17 -6.19123154e-18  1.52906948e-17 -2.71947991e-16
  9.89112624e-18 -3.44542921e-17  3.46173183e-17 -4.76719874e-17
  2.62304122e-17 -4.10439936e-17 -1.49063767e-17 -1.01515113e-17
 -4.55651746e-17  2.81550743e-17 -5.14132105e-18 -3.54130761e-17
  2.03893645e-17  7.11058583e-18  1.52125207e-17 -7.31493030e-17
  2.58597336e-17  1.85372738e-18 -9.53725526e-17 -3.08120793e-17
  1.00000000e+00  1.00000000e+00  9.99220342e-01  9.95503815e-01
  9.90511687e-01  9.89823060e-01  9.95681888e-01  9.99891877e-01
  9.86012370e-01  9.43454310e-01  8.82657181e-01  8.34195845e-01
  8.30245629e-01  8.82111504e-01  9.62115784e-01  9.99310378e-01
  9.17840469e-01  7.11604749e-01  4.61700644e-01  2.65735088e-01
  1.83515936e-01  7.63876959e-15 -7.61689467e-11 -3.94789955e-02
 -9.47198543e-02 -1.37427066e-01 -1.42301979e-01 -9.28282851e-02
  1.46879296e-02  1.66670653e-01  3.31501804e-01  4.70016765e-01
  5.51467801e-01  5.57397164e-01  4.71039940e-01  2.72639851e-01
 -3.71221115e-02 -3.96948690e-01 -7.02579684e-01 -8.87035624e-01
 -9.64046010e-01 -9.83016728e-01 -8.15843973e-16 -9.13765356e-17
 -2.39849101e-17 -1.32118598e-17  3.47782211e-17  6.31193166e-17
 -4.14541175e-17 -5.36450238e-17  7.93690919e-17  2.72126140e-17
  4.86192026e-17 -3.47376768e-17  4.48816682e-17 -7.17640207e-17
 -7.03400887e-17  2.67890861e-17  1.07505252e-16  9.71261779e-17
 -8.87440115e-17 -3.31578291e-17 -1.80846307e-17  8.44908601e-14
 -2.97822663e-10  3.94790021e-02  9.47198558e-02  1.37427061e-01
  1.42301985e-01  9.28283104e-02 -1.46878817e-02 -1.66670584e-01
 -3.31501708e-01 -4.70016638e-01 -5.51467658e-01 -5.57397029e-01
 -4.71039824e-01 -2.72639769e-01  3.71221519e-02  3.96948698e-01
  7.02579660e-01  8.87035567e-01  9.64045927e-01  9.83016730e-01
  1.00000000e+00  1.00000000e+00  9.99220397e-01  9.95503949e-01
  9.90511852e-01  9.89823234e-01  9.95682058e-01  9.99892042e-01
  9.86012526e-01  9.43454462e-01  8.82657332e-01  8.34196008e-01
  8.30245824e-01  8.82111735e-01  9.62116033e-01  9.99310600e-01
  9.17840623e-01  7.11604833e-01  4.61700686e-01  2.65735105e-01
  1.83515937e-01  1.00000000e+00  9.99999936e-01  9.99999906e-01
  9.99999901e-01  9.99999894e-01  9.99999893e-01  9.99999888e-01
  9.99999878e-01  9.99999865e-01  9.99999858e-01  9.99999851e-01
  9.99999840e-01  9.99999828e-01  9.99999822e-01  9.99999818e-01
  9.99999832e-01  9.99999859e-01  9.99999880e-01  9.99999871e-01
  9.99999852e-01  2.32412511e-18  4.84471864e-18  3.27261605e-18
  4.48886770e-18 -1.64762780e-17 -1.89602705e-17  2.14004784e-17
 -3.86310581e-18 -2.95847729e-17 -2.56299103e-17  1.65550878e-17
 -1.05124519e-17 -1.63625031e-17 -2.11917278e-17  4.14789668e-17
  4.07505312e-17  3.62874096e-18 -1.59565516e-17 -3.53700755e-18
 -2.47505283e-17  4.87171908e-17  1.77985471e-17  7.87891084e-18
 -4.62164525e-19 -4.33560115e-17  1.14792020e-17  1.17736165e-17
 -2.00680307e-18  1.13480988e-18  1.35129590e-17  4.40329334e-18
 -8.26454420e-18 -3.25586762e-17  2.71893855e-17 -7.06462468e-18
  1.11327968e-17  5.83443008e-18 -3.65079094e-17 -2.22591447e-17
  3.50727724e-18 -2.84573981e-17 -1.25463640e-17  1.25912491e-17
 -1.55291246e-17 -2.56575532e-17  8.91739685e-18 -1.20025442e-17
  2.34363624e-18 -3.61683864e-17 -1.51181461e-17 -2.78741891e-17
 -2.26404761e-17  1.81746851e-17  3.49120149e-17 -6.87835940e-17
 -2.58244673e-17 -2.21985791e-17 -3.62266563e-17 -1.43763624e-17
  6.20992452e-19  1.00000000e+00  9.99220337e-01  9.98467225e-01
  9.99075486e-01  9.99987772e-01  9.98758905e-01  9.94211158e-01
  9.88354187e-01  9.85509626e-01  9.88558526e-01  9.95508472e-01
  9.99974458e-01  9.94926001e-01  9.77118177e-01  9.51331869e-01
  9.31943582e-01  9.32028122e-01  9.51761852e-01  9.77833333e-01
  9.96439902e-01 -1.76052571e-14 -3.94790025e-02 -5.53445187e-02
 -4.29880462e-02 -4.92329638e-03  4.98039258e-02  1.07442758e-01
  1.52170156e-01  1.69618721e-01  1.50836863e-01  9.46709279e-02
  7.12459902e-03 -1.00607673e-01 -2.12696279e-01 -3.08167666e-01
 -3.62602846e-01 -3.62385565e-01 -3.06837298e-01 -2.09384152e-01
 -8.43042244e-02 -4.69419560e-17  9.73831118e-18  3.72007830e-17
 -4.38420181e-17  6.18567778e-18 -1.66104208e-18  2.81140988e-17
 -6.92539821e-18 -1.40707427e-17  1.70834304e-17  1.56199658e-17
 -1.09516387e-16 -5.26730697e-17  1.61424019e-17 -6.20428660e-18
  3.22563537e-17  1.28894239e-17 -1.85195592e-17  2.28382585e-17
  2.53077338e-18  4.59391480e-14  3.94790032e-02  5.53445148e-02
  4.29880389e-02  4.92328682e-03 -4.98039380e-02 -1.07442772e-01
 -1.52170167e-01 -1.69618721e-01 -1.50836853e-01 -9.46709102e-02
 -7.12457213e-03  1.00607709e-01  2.12696324e-01  3.08167721e-01
  3.62602900e-01  3.62385604e-01  3.06837322e-01  2.09384162e-01
  8.43042241e-02  1.00000000e+00  9.99220396e-01  9.98467306e-01
  9.99075573e-01  9.99987868e-01  9.98759000e-01  9.94211252e-01
  9.88354283e-01  9.85509727e-01  9.88558632e-01  9.95508587e-01
  9.99974585e-01  9.94926133e-01  9.77118304e-01  9.51331992e-01
  9.31943698e-01  9.32028223e-01  9.51761941e-01  9.77833416e-01
  9.96440007e-01  3.21113774e-18  1.50007107e-17 -1.33486850e-17
  3.52477514e-18  5.66555819e-18  3.23977866e-17 -3.02829521e-17
  1.54549687e-16 -8.59401221e-17  6.97133958e-18 -4.23519573e-18
  2.31101864e-17  1.00955425e-16 -3.44694910e-17 -5.39266647e-17
 -8.69381303e-17 -7.51008366e-18  3.52417885e-17  1.01918326e-17
 -1.31844207e+00 -7.22925645e-01 -5.17113825e-02  5.91467203e-01
  1.11818322e+00  1.46323591e+00  1.56559151e+00  1.38064892e+00
  9.42301183e-01  3.79289466e-01 -1.82480501e-01 -7.17168594e-01
 -1.26394953e+00 -1.78094365e+00 -1.99861986e+00 -1.78038870e+00
 -1.13218403e+00 -5.06174668e-01 -1.46544070e-01 -1.16785012e-05
  2.85855152e-02  4.91821856e-03 -8.20452646e-02 -1.60751355e-01
 -1.36440985e-01  2.29728690e-02  2.33359471e-01  3.31096134e-01
  2.01975769e-01 -1.20628979e-01 -4.81464516e-01 -6.74919810e-01
 -5.04650213e-01  7.42725664e-02  7.70029250e-01  1.11787284e+00
  9.72523337e-01  5.31649251e-01]

============================================================
SOLUTION VARIABLES (NAIVE EXTRACTION)
============================================================

k=0:
  R_0 =
[[ 1.00000000e+00  1.45371307e-16  4.70791191e-17]
 [-2.71947991e-16  1.00000000e+00  7.63876959e-15]
 [-8.15843973e-16  8.44908601e-14  1.00000000e+00]]
  F_0 =
[[ 1.00000000e+00  2.32412511e-18  4.87171908e-17]
 [-2.84573981e-17  1.00000000e+00 -1.76052571e-14]
 [-4.69419560e-17  4.59391480e-14  1.00000000e+00]]

k=1:
  R_1 =
[[ 1.00000000e+00  3.32752905e-17 -8.85516843e-17]
 [ 9.89112624e-18  1.00000000e+00 -7.61689467e-11]
 [-9.13765356e-17 -2.97822663e-10  1.00000000e+00]]
  F_1 =
[[ 9.99999936e-01  4.84471864e-18  1.77985471e-17]
 [-1.25463640e-17  9.99220337e-01 -3.94790025e-02]
 [ 9.73831118e-18  3.94790032e-02  9.99220396e-01]]
  u_p_1 = [0.000000, -1.318442, -0.000012]

k=2:
  R_2 =
[[ 9.99999939e-01 -1.75410815e-19  1.48773667e-17]
 [-3.44542921e-17  9.99220342e-01 -3.94789955e-02]
 [-2.39849101e-17  3.94790021e-02  9.99220397e-01]]
  F_2 =
[[ 9.99999906e-01  3.27261605e-18  7.87891084e-18]
 [ 1.25912491e-17  9.98467225e-01 -5.53445187e-02]
 [ 3.72007830e-17  5.53445148e-02  9.98467306e-01]]
  u_p_2 = [0.000000, -0.722926, 0.028586]

k=3:
  R_3 =
[[ 9.99999841e-01  1.84348078e-17 -6.07864524e-17]
 [ 3.46173183e-17  9.95503815e-01 -9.47198543e-02]
 [-1.32118598e-17  9.47198558e-02  9.95503949e-01]]
  F_3 =
[[ 9.99999901e-01  4.48886770e-18 -4.62164525e-19]
 [-1.55291246e-17  9.99075486e-01 -4.29880462e-02]
 [-4.38420181e-17  4.29880389e-02  9.99075573e-01]]
  u_p_3 = [-0.000000, -0.051711, 0.004918]

k=4:
  R_4 =
[[ 9.99999796e-01 -8.36046977e-18 -8.31755295e-18]
 [-4.76719874e-17  9.90511687e-01 -1.37427066e-01]
 [ 3.47782211e-17  1.37427061e-01  9.90511852e-01]]
  F_4 =
[[ 9.99999894e-01 -1.64762780e-17 -4.33560115e-17]
 [-2.56575532e-17  9.99987772e-01 -4.92329638e-03]
 [ 6.18567778e-18  4.92328682e-03  9.99987868e-01]]
  u_p_4 = [0.000000, 0.591467, -0.082045]

k=5:
  R_5 =
[[ 9.99999775e-01  2.58290013e-17  1.62441654e-17]
 [ 2.62304122e-17  9.89823060e-01 -1.42301979e-01]
 [ 6.31193166e-17  1.42301985e-01  9.89823234e-01]]
  F_5 =
[[ 9.99999893e-01 -1.89602705e-17  1.14792020e-17]
 [ 8.91739685e-18  9.98758905e-01  4.98039258e-02]
 [-1.66104208e-18 -4.98039380e-02  9.98759000e-01]]
  u_p_5 = [0.000000, 1.118183, -0.160751]

k=6:
  R_6 =
[[ 9.99999766e-01 -3.09782990e-17  3.87365536e-17]
 [-4.10439936e-17  9.95681888e-01 -9.28282851e-02]
 [-4.14541175e-17  9.28283104e-02  9.95682058e-01]]
  F_6 =
[[ 9.99999888e-01  2.14004784e-17  1.17736165e-17]
 [-1.20025442e-17  9.94211158e-01  1.07442758e-01]
 [ 2.81140988e-17 -1.07442772e-01  9.94211252e-01]]
  u_p_6 = [0.000000, 1.463236, -0.136441]

k=7:
  R_7 =
[[ 9.99999760e-01  2.55084737e-17  5.08665956e-17]
 [-1.49063767e-17  9.99891877e-01  1.46879296e-02]
 [-5.36450238e-17 -1.46878817e-02  9.99892042e-01]]
  F_7 =
[[ 9.99999878e-01 -3.86310581e-18 -2.00680307e-18]
 [ 2.34363624e-18  9.88354187e-01  1.52170156e-01]
 [-6.92539821e-18 -1.52170167e-01  9.88354283e-01]]
  u_p_7 = [-0.000000, 1.565592, 0.022973]

k=8:
  R_8 =
[[ 9.99999750e-01  6.11023629e-18  3.47451845e-17]
 [-1.01515113e-17  9.86012370e-01  1.66670653e-01]
 [ 7.93690919e-17 -1.66670584e-01  9.86012526e-01]]
  F_8 =
[[ 9.99999865e-01 -2.95847729e-17  1.13480988e-18]
 [-3.61683864e-17  9.85509626e-01  1.69618721e-01]
 [-1.40707427e-17 -1.69618721e-01  9.85509727e-01]]
  u_p_8 = [0.000000, 1.380649, 0.233359]

k=9:
  R_9 =
[[ 9.99999723e-01  1.90816735e-17 -2.48236676e-18]
 [-4.55651746e-17  9.43454310e-01  3.31501804e-01]
 [ 2.72126140e-17 -3.31501708e-01  9.43454462e-01]]
  F_9 =
[[ 9.99999858e-01 -2.56299103e-17  1.35129590e-17]
 [-1.51181461e-17  9.88558526e-01  1.50836863e-01]
 [ 1.70834304e-17 -1.50836853e-01  9.88558632e-01]]
  u_p_9 = [-0.000000, 0.942301, 0.331096]

k=10:
  R_10 =
[[ 9.99999693e-01 -2.47100545e-17 -4.76597093e-18]
 [ 2.81550743e-17  8.82657181e-01  4.70016765e-01]
 [ 4.86192026e-17 -4.70016638e-01  8.82657332e-01]]
  F_10 =
[[ 9.99999851e-01  1.65550878e-17  4.40329334e-18]
 [-2.78741891e-17  9.95508472e-01  9.46709279e-02]
 [ 1.56199658e-17 -9.46709102e-02  9.95508587e-01]]
  u_p_10 = [0.000000, 0.379289, 0.201976]

k=11:
  R_11 =
[[ 9.99999672e-01 -3.00945156e-17 -3.24197135e-18]
 [-5.14132105e-18  8.34195845e-01  5.51467801e-01]
 [-3.47376768e-17 -5.51467658e-01  8.34196008e-01]]
  F_11 =
[[ 9.99999840e-01 -1.05124519e-17 -8.26454420e-18]
 [-2.26404761e-17  9.99974458e-01  7.12459902e-03]
 [-1.09516387e-16 -7.12457213e-03  9.99974585e-01]]
  u_p_11 = [-0.000000, -0.182481, -0.120629]

k=12:
  R_12 =
[[ 9.99999656e-01 -8.37950629e-18  1.75575483e-17]
 [-3.54130761e-17  8.30245629e-01  5.57397164e-01]
 [ 4.48816682e-17 -5.57397029e-01  8.30245824e-01]]
  F_12 =
[[ 9.99999828e-01 -1.63625031e-17 -3.25586762e-17]
 [ 1.81746851e-17  9.94926001e-01 -1.00607673e-01]
 [-5.26730697e-17  1.00607709e-01  9.94926133e-01]]
  u_p_12 = [0.000000, -0.717169, -0.481465]

k=13:
  R_13 =
[[ 9.99999647e-01 -9.05019783e-18  1.67879862e-17]
 [ 2.03893645e-17  8.82111504e-01  4.71039940e-01]
 [-7.17640207e-17 -4.71039824e-01  8.82111735e-01]]
  F_13 =
[[ 9.99999822e-01 -2.11917278e-17  2.71893855e-17]
 [ 3.49120149e-17  9.77118177e-01 -2.12696279e-01]
 [ 1.61424019e-17  2.12696324e-01  9.77118304e-01]]
  u_p_13 = [0.000000, -1.263950, -0.674920]

k=14:
  R_14 =
[[ 9.99999658e-01  2.77813907e-17  1.44601618e-17]
 [ 7.11058583e-18  9.62115784e-01  2.72639851e-01]
 [-7.03400887e-17 -2.72639769e-01  9.62116033e-01]]
  F_14 =
[[ 9.99999818e-01  4.14789668e-17 -7.06462468e-18]
 [-6.87835940e-17  9.51331869e-01 -3.08167666e-01]
 [-6.20428660e-18  3.08167721e-01  9.51331992e-01]]
  u_p_14 = [-0.000000, -1.780944, -0.504650]

k=15:
  R_15 =
[[ 9.99999700e-01  5.43470115e-17 -7.79419780e-17]
 [ 1.52125207e-17  9.99310378e-01 -3.71221115e-02]
 [ 2.67890861e-17  3.71221519e-02  9.99310600e-01]]
  F_15 =
[[ 9.99999832e-01  4.07505312e-17  1.11327968e-17]
 [-2.58244673e-17  9.31943582e-01 -3.62602846e-01]
 [ 3.22563537e-17  3.62602900e-01  9.31943698e-01]]
  u_p_15 = [-0.000000, -1.998620, 0.074273]

k=16:
  R_16 =
[[ 9.99999757e-01 -3.96057133e-17  5.58429098e-18]
 [-7.31493030e-17  9.17840469e-01 -3.96948690e-01]
 [ 1.07505252e-16  3.96948698e-01  9.17840623e-01]]
  F_16 =
[[ 9.99999859e-01  3.62874096e-18  5.83443008e-18]
 [-2.21985791e-17  9.32028122e-01 -3.62385565e-01]
 [ 1.28894239e-17  3.62385604e-01  9.32028223e-01]]
  u_p_16 = [-0.000000, -1.780389, 0.770029]

k=17:
  R_17 =
[[ 9.99999805e-01  6.81391287e-17  5.97049259e-17]
 [ 2.58597336e-17  7.11604749e-01 -7.02579684e-01]
 [ 9.71261779e-17  7.02579660e-01  7.11604833e-01]]
  F_17 =
[[ 9.99999880e-01 -1.59565516e-17 -3.65079094e-17]
 [-3.62266563e-17  9.51761852e-01 -3.06837298e-01]
 [-1.85195592e-17  3.06837322e-01  9.51761941e-01]]
  u_p_17 = [-0.000000, -1.132184, 1.117873]

k=18:
  R_18 =
[[ 9.99999815e-01  3.83030365e-18  2.68071310e-17]
 [ 1.85372738e-18  4.61700644e-01 -8.87035624e-01]
 [-8.87440115e-17  8.87035567e-01  4.61700686e-01]]
  F_18 =
[[ 9.99999871e-01 -3.53700755e-18 -2.22591447e-17]
 [-1.43763624e-17  9.77833333e-01 -2.09384152e-01]
 [ 2.28382585e-17  2.09384162e-01  9.77833416e-01]]
  u_p_18 = [0.000000, -0.506175, 0.972523]

k=19:
  R_19 =
[[ 9.99999844e-01  2.77383149e-17 -6.19123154e-18]
 [-9.53725526e-17  2.65735088e-01 -9.64046010e-01]
 [-3.31578291e-17  9.64045927e-01  2.65735105e-01]]
  F_19 =
[[ 9.99999852e-01 -2.47505283e-17  3.50727724e-18]
 [ 6.20992452e-19  9.96439902e-01 -8.43042244e-02]
 [ 2.53077338e-18  8.43042241e-02  9.96440007e-01]]
  u_p_19 = [0.000000, -0.146544, 0.531649]

k=20:
  R_20 =
[[ 9.99999997e-01 -2.55092007e-17  1.52906948e-17]
 [-3.08120793e-17  1.83515936e-01 -9.83016728e-01]
 [-1.80846307e-17  9.83016730e-01  1.83515937e-01]]

======================================================================
SO(3) CONSTRAINT VIOLATION ANALYSIS
======================================================================

--- ROTATION MATRICES R_k (k=0..N) ---
k    Orthog||R^TR-I||   |det(R)-1|      Norm Error      Orthog Error   
----------------------------------------------------------------------
0    1.41e-11           1.20e-11        1.41e-11        9.21e-14       
1    5.47e-10           1.05e-10        1.38e-10        3.74e-10       
2    1.68e-07           1.22e-07        1.68e-07        8.70e-09       
3    4.42e-07           3.30e-07        4.41e-07        1.41e-08       
4    5.77e-07           4.41e-07        5.76e-07        1.85e-08       
5    6.51e-07           5.08e-07        6.49e-07        3.01e-08       
6    6.91e-07           5.50e-07        6.89e-07        4.10e-08       
7    7.17e-07           5.75e-07        7.14e-07        4.55e-08       
8    7.52e-07           6.08e-07        7.50e-07        4.14e-08       
9    8.39e-07           6.84e-07        8.37e-07        3.92e-08       
10   9.44e-07           7.74e-07        9.42e-07        4.14e-08       
11   1.01e-06           8.29e-07        1.01e-06        2.92e-08       
12   1.05e-06           8.54e-07        1.05e-06        3.43e-09       
13   1.08e-06           8.73e-07        1.08e-06        6.60e-09       
14   1.06e-06           8.55e-07        1.06e-06        1.17e-08       
15   9.76e-07           7.95e-07        9.73e-07        4.85e-08       
16   8.48e-07           7.10e-07        8.42e-07        6.78e-08       
17   7.29e-07           6.21e-07        7.26e-07        4.24e-08       
18   6.25e-07           5.34e-07        6.25e-07        1.07e-08       
19   4.66e-07           3.86e-07        4.66e-07        6.14e-09       
20   1.74e-08           1.42e-08        1.73e-08        1.19e-09       

Max Orthogonality Error:  1.08e-06
Max Determinant Error:    8.73e-07
Max Norm Error:           1.08e-06
Max Orthog Error:         6.78e-08

--- STEP ROTATION MATRICES F_k (k=0..N-1) ---
k    Orthog||F^TF-I||   |det(F)-1|      Norm Error      Orthog Error   
----------------------------------------------------------------------
0    8.69e-12           7.52e-12        8.69e-12        2.83e-14       
1    1.79e-07           1.30e-07        1.79e-07        3.03e-09       
2    2.65e-07           1.98e-07        2.65e-07        5.12e-10       
3    2.83e-07           2.13e-07        2.83e-07        3.56e-09       
4    3.04e-07           2.27e-07        3.04e-07        9.09e-09       
5    3.08e-07           2.30e-07        3.07e-07        1.70e-08       
6    3.20e-07           2.43e-07        3.19e-07        2.40e-08       
7    3.49e-07           2.70e-07        3.48e-07        2.55e-08       
8    3.86e-07           3.02e-07        3.85e-07        1.72e-08       
9    4.09e-07           3.21e-07        4.09e-07        5.63e-09       
10   4.30e-07           3.34e-07        4.30e-07        6.72e-09       
11   4.62e-07           3.56e-07        4.60e-07        2.60e-08       
12   4.97e-07           3.86e-07        4.93e-07        4.94e-08       
13   5.16e-07           4.06e-07        5.07e-07        7.01e-08       
14   5.25e-07           4.13e-07        5.09e-07        9.01e-08       
15   4.83e-07           3.77e-07        4.65e-07        9.25e-08       
16   4.04e-07           3.15e-07        3.91e-07        7.32e-08       
17   3.53e-07           2.78e-07        3.46e-07        5.06e-08       
18   3.68e-07           2.95e-07        3.66e-07        2.72e-08       
19   4.50e-07           3.63e-07        4.49e-07        8.52e-09       

Max Orthogonality Error:  5.25e-07
Max Determinant Error:    4.13e-07
Max Norm Error:           5.09e-07
Max Orthog Error:         9.25e-08

============================================================
SOLUTION VARIABLES (ORDERED EXTRACTION)
============================================================

k=0:
  R_0 =
[[ 1.00000000e+00  5.11749180e-17  1.33770476e-17]
 [ 5.73708257e-18  1.00000000e+00  1.10958022e-14]
 [-2.88046034e-16  7.35406021e-14  1.00000000e+00]]
  F_0 =
[[ 1.00000000e+00  2.68927948e-17 -1.25612122e-18]
 [ 1.99335704e-17  1.00000000e+00 -5.87703226e-15]
 [ 2.66876872e-18  2.22232682e-13  1.00000000e+00]]

k=1:
  R_1 =
[[ 1.00000000e+00 -1.25462765e-17  4.15517586e-17]
 [ 2.34495763e-17  1.00000000e+00 -1.37140601e-10]
 [-4.81114455e-17 -4.40480868e-10  1.00000000e+00]]
  F_1 =
[[ 9.99999945e-01 -7.21803886e-18  2.75420679e-18]
 [ 1.59662248e-17  9.99220347e-01 -3.94790080e-02]
 [-3.81048624e-18  3.94790099e-02  9.99220397e-01]]
  u_p_1 = [0.000000, -1.318443, -0.000012]

k=2:
  R_2 =
[[ 9.99999950e-01 -2.57543750e-18 -4.75291076e-18]
 [ 1.44279226e-17  9.99220354e-01 -3.94789970e-02]
 [-1.06286376e-17  3.94790068e-02  9.99220398e-01]]
  F_2 =
[[ 9.99999925e-01  4.25719193e-18  2.46368524e-17]
 [-1.01285099e-18  9.98467245e-01 -5.53445271e-02]
 [-2.50149779e-18  5.53445233e-02  9.98467309e-01]]
  u_p_2 = [-0.000000, -0.722927, 0.028586]

k=3:
  R_3 =
[[ 9.99999885e-01 -8.61148897e-18 -4.82953242e-18]
 [-1.01009513e-17  9.95503860e-01 -9.47198591e-02]
 [-9.47965680e-18  9.47198603e-02  9.95503954e-01]]
  F_3 =
[[ 9.99999925e-01  2.16672179e-17  1.07452949e-17]
 [-2.75832098e-17  9.99075510e-01 -4.29880452e-02]
 [ 3.14124879e-18  4.29880383e-02  9.99075578e-01]]
  u_p_3 = [0.000000, -0.051711, 0.004918]

k=4:
  R_4 =
[[ 9.99999859e-01  1.97723160e-17 -2.68694522e-17]
 [-4.36371124e-18  9.90511750e-01 -1.37427073e-01]
 [-8.75960406e-18  1.37427064e-01  9.90511864e-01]]
  F_4 =
[[ 9.99999923e-01  3.16112246e-18 -2.13176730e-17]
 [-8.81756796e-18  9.99987800e-01 -4.92328835e-03]
 [ 9.62732124e-18  4.92328079e-03  9.99987872e-01]]
  u_p_4 = [0.000000, 0.591468, -0.082045]

k=5:
  R_5 =
[[ 9.99999851e-01  5.07966399e-17 -4.04660465e-17]
 [-2.44323453e-17  9.89823137e-01 -1.42301989e-01]
 [-2.38122982e-17  1.42301992e-01  9.89823253e-01]]
  F_5 =
[[ 9.99999924e-01 -6.67284332e-18 -5.79405262e-19]
 [-2.21255229e-17  9.98758935e-01  4.98039382e-02]
 [-7.22231952e-18 -4.98039479e-02  9.98759005e-01]]
  u_p_5 = [0.000000, 1.118184, -0.160751]

k=6:
  R_6 =
[[ 9.99999850e-01  4.08178810e-17  1.90988316e-18]
 [-1.04853950e-17  9.95681975e-01 -9.28282929e-02]
 [ 6.62463113e-18  9.28283131e-02  9.95682086e-01]]
  F_6 =
[[ 9.99999923e-01 -2.01096820e-18  1.95600830e-18]
 [ 1.09343931e-18  9.94211191e-01  1.07442776e-01]
 [ 1.07896582e-18 -1.07442787e-01  9.94211258e-01]]
  u_p_6 = [-0.000000, 1.463236, -0.136441]

k=7:
  R_7 =
[[ 9.99999850e-01  2.16565777e-18 -4.91184420e-17]
 [-1.22074213e-17  9.99891971e-01  1.46879287e-02]
 [-6.45039446e-17 -1.46878943e-02  9.99892077e-01]]
  F_7 =
[[ 9.99999916e-01  4.90668712e-18 -1.32356846e-17]
 [-5.37149830e-18  9.88354222e-01  1.52170179e-01]
 [-1.21550813e-17 -1.52170188e-01  9.88354290e-01]]
  u_p_7 = [-0.000000, 1.565592, 0.022973]

k=8:
  R_8 =
[[ 9.99999845e-01  5.39300598e-18 -1.47351025e-17]
 [-2.51516516e-17  9.86012466e-01  1.66670665e-01]
 [ 6.30686330e-17 -1.66670619e-01  9.86012564e-01]]
  F_8 =
[[ 9.99999907e-01 -2.34481533e-17  1.10139982e-18]
 [ 1.88143207e-17  9.85509664e-01  1.69618748e-01]
 [ 8.23126115e-19 -1.69618748e-01  9.85509735e-01]]
  u_p_8 = [0.000000, 1.380649, 0.233359]

k=9:
  R_9 =
[[ 9.99999829e-01 -2.04397912e-17  2.26099290e-18]
 [ 7.42475421e-18  9.43454410e-01  3.31501834e-01]
 [-8.08096300e-18 -3.31501769e-01  9.43454501e-01]]
  F_9 =
[[ 9.99999904e-01 -1.00251991e-18 -4.96032499e-18]
 [-6.73197215e-18  9.88558568e-01  1.50836891e-01]
 [-2.70742744e-18 -1.50836883e-01  9.88558643e-01]]
  u_p_9 = [0.000000, 0.942301, 0.331096]

k=10:
  R_10 =
[[ 9.99999814e-01 -1.48148146e-17  5.97369635e-18]
 [ 2.39110943e-19  8.82657286e-01  4.70016812e-01]
 [-1.10710808e-17 -4.70016723e-01  8.82657373e-01]]
  F_10 =
[[ 9.99999901e-01  9.50121386e-18 -1.29731520e-17]
 [ 1.29401971e-17  9.95508519e-01  9.46709450e-02]
 [ 5.72886036e-18 -9.46709310e-02  9.95508601e-01]]
  u_p_10 = [-0.000000, 0.379290, 0.201976]

k=11:
  R_11 =
[[ 9.99999805e-01 -2.04270634e-18  1.40495636e-17]
 [ 3.59398082e-18  8.34195955e-01  5.51467855e-01]
 [ 6.94467265e-18 -5.51467755e-01  8.34196048e-01]]
  F_11 =
[[ 9.99999894e-01  3.93167548e-18 -4.09180839e-18]
 [ 1.46874718e-17  9.99974510e-01  7.12459802e-03]
 [-7.77895431e-19 -7.12457714e-03  9.99974601e-01]]
  u_p_11 = [0.000000, -0.182481, -0.120629]

k=12:
  R_12 =
[[ 9.99999797e-01  3.80778717e-18  8.10773196e-18]
 [ 3.49035210e-17  8.30245749e-01  5.57397216e-01]
 [ 4.56764232e-17 -5.57397125e-01  8.30245860e-01]]
  F_12 =
[[ 9.99999886e-01 -1.43108759e-17  2.09376801e-18]
 [ 6.24297596e-18  9.94926056e-01 -1.00607689e-01]
 [ 1.13378368e-17  1.00607717e-01  9.94926150e-01]]
  u_p_12 = [0.000000, -0.717169, -0.481465]

k=13:
  R_13 =
[[ 9.99999792e-01 -7.81317276e-18 -1.49322007e-17]
 [-2.50661869e-18  8.82111640e-01  4.71039980e-01]
 [-4.74510214e-17 -4.71039907e-01  8.82111780e-01]]
  F_13 =
[[ 9.99999882e-01 -1.83195488e-17  6.06659540e-18]
 [ 7.22962596e-18  9.77118231e-01 -2.12696310e-01]
 [ 1.11056689e-17  2.12696344e-01  9.77118320e-01]]
  u_p_13 = [0.000000, -1.263950, -0.674920]

k=14:
  R_14 =
[[ 9.99999802e-01 -1.39910356e-18 -1.14388130e-17]
 [ 9.22735173e-18  9.62115935e-01  2.72639869e-01]
 [-1.06379971e-16 -2.72639821e-01  9.62116089e-01]]
  F_14 =
[[ 9.99999879e-01  1.74800433e-17 -1.89959097e-17]
 [-1.50198004e-17  9.51331917e-01 -3.08167706e-01]
 [ 1.51841879e-17  3.08167749e-01  9.51332004e-01]]
  u_p_14 = [0.000000, -1.780944, -0.504650]

k=15:
  R_15 =
[[ 9.99999831e-01  4.15024679e-18  1.41892836e-17]
 [ 7.62032766e-18  9.99310528e-01 -3.71221235e-02]
 [ 5.13525098e-18  3.71221413e-02  9.99310664e-01]]
  F_15 =
[[ 9.99999888e-01 -1.36859208e-17  9.70242860e-18]
 [ 1.97014213e-17  9.31943623e-01 -3.62602886e-01]
 [ 2.07693050e-17  3.62602929e-01  9.31943706e-01]]
  u_p_15 = [0.000000, -1.998620, 0.074273]

k=16:
  R_16 =
[[ 9.99999866e-01  2.41714224e-17 -1.19284664e-17]
 [ 4.40567684e-18  9.17840594e-01 -3.96948728e-01]
 [ 5.00121266e-17  3.96948726e-01  9.17840689e-01]]
  F_16 =
[[ 9.99999908e-01  1.77845697e-17  5.75156425e-18]
 [-2.04876573e-17  9.32028156e-01 -3.62385601e-01]
 [ 9.96506707e-18  3.62385631e-01  9.32028230e-01]]
  u_p_16 = [0.000000, -1.780389, 0.770029]

k=17:
  R_17 =
[[ 9.99999893e-01 -6.32387100e-18 -3.50470826e-17]
 [ 1.11916971e-17  7.11604838e-01 -7.02579732e-01]
 [ 7.17670244e-17  7.02579712e-01  7.11604893e-01]]
  F_17 =
[[ 9.99999921e-01  1.00851796e-17 -3.10300889e-17]
 [-1.34205494e-17  9.51761884e-01 -3.06837329e-01]
 [-7.65684134e-19  3.06837347e-01  9.51761949e-01]]
  u_p_17 = [0.000000, -1.132184, 1.117873]

k=18:
  R_18 =
[[ 9.99999884e-01 -1.02688947e-17  1.53066947e-17]
 [-4.93802934e-18  4.61700699e-01 -8.87035660e-01]
 [-1.10912165e-17  8.87035624e-01  4.61700731e-01]]
  F_18 =
[[ 9.99999905e-01 -1.47126328e-17  5.95915470e-18]
 [-8.69570043e-19  9.77833366e-01 -2.09384176e-01]
 [ 1.87180908e-17  2.09384182e-01  9.77833426e-01]]
  u_p_18 = [-0.000000, -0.506175, 0.972523]

k=19:
  R_19 =
[[ 9.99999873e-01 -1.71227395e-17 -8.06959917e-18]
 [-2.18392642e-18  2.65735115e-01 -9.64046024e-01]
 [-3.88242980e-19  9.64045959e-01  2.65735131e-01]]
  F_19 =
[[ 9.99999877e-01 -1.46172530e-17 -1.58234386e-17]
 [ 5.82694409e-18  9.96439930e-01 -8.43042387e-02]
 [ 6.36796540e-18  8.43042379e-02  9.96440017e-01]]
  u_p_19 = [-0.000000, -0.146544, 0.531649]

k=20:
  R_20 =
[[ 9.99999998e-01  1.30616668e-17  8.66576554e-18]
 [-2.05118349e-18  1.83515942e-01 -9.83016728e-01]
 [-1.81802905e-18  9.83016730e-01  1.83515943e-01]]

======================================================================
SO(3) CONSTRAINT VIOLATION ANALYSIS
======================================================================

--- ROTATION MATRICES R_k (k=0..N) ---
k    Orthog||R^TR-I||   |det(R)-1|      Norm Error      Orthog Error   
----------------------------------------------------------------------
0    6.28e-12           5.06e-12        6.28e-12        8.46e-14       
1    2.46e-09           1.10e-09        2.33e-09        5.78e-10       
2    1.37e-07           9.85e-08        1.36e-07        1.15e-08       
3    3.15e-07           2.34e-07        3.14e-07        1.00e-08       
4    3.97e-07           3.02e-07        3.96e-07        6.76e-09       
5    4.31e-07           3.36e-07        4.30e-07        1.95e-08       
6    4.42e-07           3.50e-07        4.40e-07        3.04e-08       
