SIMULATION LOG
================================================================================
MPC iteration: 1
n_substeps: 1
n_nodes: 2
max residual inf: 4.649058915618e-16
max constraint norm: 5.551115123126e-17
LGVI solve failures accepted by residual tolerance: 0
maximum accepted residual: 0.000000000000e+00
local simulation step of maximum accepted residual: None
hard failure occurred: False

Final state:
  k: 1.0
  t: 0.1
  u: -8.640243138037668
  thetaR1_rad: 0.5402602354013724
  thetaR2_rad: -1.3597498039597666
  thetaR1_deg: 30.954631327242982
  thetaR2_deg: -77.9079249606357
  thetaF1_rad: 0.15499876904488902
  thetaF2_rad: -0.7175844459265653
  thetaF1_deg: 8.88077529599513
  thetaF2_deg: -41.11456019582583
  R1_orth_error: 2.554317918151753e-16
  R2_orth_error: 4.965069739586242e-16
  F1_orth_error: 8.406053818752595e-18
  F2_orth_error: 3.1406263343088327e-16
  R1_det_error: 0.0
  R2_det_error: 4.440892098500626e-16
  F1_det_error: 0.0
  F2_det_error: 2.220446049250313e-16
  base_x: 0.0
  base_y: 0.0
  elbow_x: 0.514359180404271
  elbow_y: -0.8575748559361139
  tip_x: -0.46345304073970894
  tip_y: -1.0670581731274273
  target_angle_error_norm_rad: 3.1530769560376526
  target_angle_error_norm_deg: 180.6580020609141
  target_step_error_norm_rad: 0.7341335406049548
  target_step_error_norm_deg: 42.06275347565996
  target_error_R1_deg: -149.04536867275704
  target_error_R2_deg: 102.09207503936427
  target_error_F1_deg: 8.880775295995134
  target_error_F2_deg: -41.11456019582584

F0 generated for next SDP iteration:
  This value will be used as F0 at MPC iteration 2.
  thetaF1_next_sdp_F0_rad: 0.1549987690448889
  thetaF1_next_sdp_F0_deg: 8.880775295995125
  thetaF2_next_sdp_F0_rad: -0.7175844459265653
  thetaF2_next_sdp_F0_deg: -41.11456019582583
  max_step_angle_deg_link1: 59.99999999999999
  max_step_angle_deg_link2: 59.99999999999999
  next_sdp_initial_f1_within_max_step: True
  next_sdp_initial_f2_within_max_step: True

Raw next SDP initial values:
  c1_0: 0.8575748559361139
  s1_0: 0.514359180404271
  c2_0: 0.20948331719131352
  s2_0: -0.97781222114398
  a1_prev: 0.9880117208084636
  b1_prev: 0.15437888309318282
  a2_prev: 0.7533963135671699
  b2_prev: -0.6575667226247074
  thetaR1: 0.5402602354013724
  thetaR2: -1.3597498039597666
  thetaF1_prev: 0.1549987690448889
  thetaF2_prev: -0.7175844459265653
  thetaF1_last_fine: 0.15499876904488902
  thetaF2_last_fine: -0.7175844459265653
