SIMULATION LOG
================================================================================
MPC iteration: 8
n_substeps: 1
n_nodes: 2
max residual inf: 1.110223024625e-16
max constraint norm: 2.775557561563e-17
LGVI solve failures accepted by residual tolerance: 0
maximum accepted residual: 0.000000000000e+00
local simulation step of maximum accepted residual: None
hard failure occurred: False

Final state:
  k: 1.0
  t: 0.1
  u: 7.44911608654996
  thetaR1_rad: -0.4235190332594334
  thetaR2_rad: -2.7049590061794
  thetaR1_deg: -24.265853149226274
  thetaR2_deg: -154.9827348099812
  thetaF1_rad: 0.026401183447194488
  thetaF2_rad: 0.6819750045056516
  thetaF1_deg: 1.5126763856748942
  thetaF2_deg: 39.07428949158914
  R1_orth_error: 2.310950813334716e-16
  R2_orth_error: 5.130702208063632e-16
  F1_orth_error: 2.482630129630574e-16
  F2_orth_error: 4.0074262570941004e-16
  R1_det_error: 2.220446049250313e-16
  R2_det_error: 1.1102230246251565e-16
  F1_det_error: 2.220446049250313e-16
  F2_det_error: 1.1102230246251565e-16
  base_x: 0.0
  base_y: 0.0
  elbow_x: -0.4109711120099812
  elbow_y: -0.9116483670216711
  tip_x: -0.8338624562830917
  tip_y: -0.005467970555889212
  target_angle_error_norm_rad: 2.752920839324424
  target_angle_error_norm_deg: 157.73074542690173
  target_step_error_norm_rad: 0.6824858454634027
  target_step_error_norm_deg: 39.1035585224707
  target_error_R1_deg: 155.73414685077373
  target_error_R2_deg: 25.017265190018776
  target_error_F1_deg: 1.5126763856749041
  target_error_F2_deg: 39.07428949158913

F0 generated for next SDP iteration:
  This value will be used as F0 at MPC iteration 9.
  thetaF1_next_sdp_F0_rad: 0.026401183447194516
  thetaF1_next_sdp_F0_deg: 1.5126763856748957
  thetaF2_next_sdp_F0_rad: 0.6819750045056515
  thetaF2_next_sdp_F0_deg: 39.074289491589134
  max_step_angle_deg_link1: 59.99999999999999
  max_step_angle_deg_link2: 59.99999999999999
  next_sdp_initial_f1_within_max_step: True
  next_sdp_initial_f2_within_max_step: True

Raw next SDP initial values:
  c1_0: 0.9116483670216712
  s1_0: -0.41097111200998127
  c2_0: -0.9061803964657819
  s2_0: -0.4228913442731107
  a1_prev: 0.9996515089991715
  b1_prev: 0.02639811651765625
  a2_prev: 0.7763293339864978
  b2_prev: 0.6303275062950066
  thetaR1: -0.4235190332594334
  thetaR2: -2.7049590061794
  thetaF1_prev: 0.026401183447194516
  thetaF2_prev: 0.6819750045056515
  thetaF1_last_fine: 0.026401183447194488
  thetaF2_last_fine: 0.6819750045056516
