SIMULATION LOG
================================================================================
MPC iteration: 26
n_substeps: 1
n_nodes: 2
max residual inf: 1.387778780781e-17
max constraint norm: 0.000000000000e+00
LGVI solve failures accepted by residual tolerance: 0
maximum accepted residual: 0.000000000000e+00
local simulation step of maximum accepted residual: None
hard failure occurred: False

Final state:
  k: 1.0
  t: 0.1
  u: -0.04968041670087013
  thetaR1_rad: 3.107751601204189
  thetaR2_rad: 3.104663496580923
  thetaR1_deg: 178.06105052402376
  thetaR2_deg: 177.88411516241578
  thetaF1_rad: 0.010165412024339735
  thetaF2_rad: 0.012145350909197173
  thetaF1_deg: 0.5824352060062054
  thetaF2_deg: 0.6958773478023752
  R1_orth_error: 1.2516061877650105e-15
  R2_orth_error: 5.094323654802729e-16
  F1_orth_error: 3.140187164234804e-16
  F2_orth_error: 3.14019360176004e-16
  R1_det_error: 5.551115123125783e-16
  R2_det_error: 2.220446049250313e-16
  F1_det_error: 2.220446049250313e-16
  F2_det_error: 0.0
  base_x: 0.0
  base_y: 0.0
  elbow_x: 0.0338345935316846
  elbow_y: 0.9994274462313638
  tip_x: 0.0707553573454651
  tip_y: 1.9987456424028371
  target_angle_error_norm_rad: 0.05008971415321693
  target_angle_error_norm_deg: 2.8699292179960363
  target_step_error_norm_rad: 0.01583809175160082
  target_step_error_norm_deg: 0.9074558129076883
  target_error_R1_deg: -1.9389494759762402
  target_error_R2_deg: -2.115884837584221
  target_error_F1_deg: 0.5824352060062055
  target_error_F2_deg: 0.6958773478023713

F0 generated for next SDP iteration:
  This value will be used as F0 at MPC iteration 27.
  thetaF1_next_sdp_F0_rad: 0.010165412024339621
  thetaF1_next_sdp_F0_deg: 0.5824352060061988
  thetaF2_next_sdp_F0_rad: 0.012145350909197244
  thetaF2_next_sdp_F0_deg: 0.6958773478023792
  max_step_angle_deg_link1: 59.99999999999999
  max_step_angle_deg_link2: 59.99999999999999
  next_sdp_initial_f1_within_max_step: True
  next_sdp_initial_f2_within_max_step: True

Raw next SDP initial values:
  c1_0: -0.9994274462313639
  s1_0: 0.03383459353168454
  c2_0: -0.9993181961714731
  s2_0: 0.03692076381378052
  a1_prev: 0.9999483326441133
  b1_prev: 0.010165236950416311
  a2_prev: 0.9999262461322693
  b2_prev: 0.012145052318860912
  thetaR1: 3.107751601204189
  thetaR2: 3.104663496580923
  thetaF1_prev: 0.010165412024339621
  thetaF2_prev: 0.012145350909197244
  thetaF1_last_fine: 0.010165412024339735
  thetaF2_last_fine: 0.012145350909197173
