MPC-SDP FINAL RESULT
================================================================================
Stopped: False
Termination: max_iterations
Reason: max_iterations reached
Iterations: 2
Stable counter: 0
Stable steps required: 3
Final target angle error norm: 169.4881378815926 deg
Final target step error norm: 0.13689029225637298 deg

MPC settings:
  mpc_max_iterations: 2
  mpc_stop_angle_tol_deg: 2.0
  mpc_stop_step_angle_tol_deg: 2.0
  mpc_stable_steps_required: 3
  cleanup_solver_artifacts: True

Applied controls:
  j=0: t=0.100000, u_1=+3.686979568816e+00, thetaR1=-7.292189 deg, thetaR2=+31.663176 deg, target_norm=227.665986 deg
  j=1: t=0.200000, u_1=-2.640952860785e+00, thetaR1=-22.463428 deg, thetaR2=+117.482343 deg, target_norm=169.488138 deg

Final state:
  k: 2.0
  t: 0.2
  u: -2.640952860784828
  thetaR1_rad: -0.39206078364792674
  thetaR2_rad: 2.0504536988343487
  thetaR1_deg: -22.46342821561788
  thetaR2_deg: 117.48234303019694
  thetaF1_rad: 0.0022536369722617406
  thetaF2_rad: 0.000793304254204784
  thetaF1_deg: 0.1291238870652391
  thetaF2_deg: 0.04545298563570751
  R1_orth_error: 1.3081692493125307e-14
  R2_orth_error: 8.768428891301531e-15
  F1_orth_error: 2.220446545662895e-16
  F2_orth_error: 1.5700925491151372e-16
  R1_det_error: 9.325873406851315e-15
  R2_det_error: 6.217248937900877e-15
  F1_det_error: 2.220446049250313e-16
  F2_det_error: 0.0
  base_x: 0.0
  base_y: 0.0
  elbow_x: -0.19104682197153916
  elbow_y: -0.46206180518906237
  tip_x: 0.2525297226131724
  tip_y: -0.23132418559856863
  target_angle_error_norm_rad: 2.9581260491079178
  target_angle_error_norm_deg: 169.4881378815926
  target_step_error_norm_rad: 0.002389186313891006
  target_step_error_norm_deg: 0.13689029225637298
  target_error_R1_deg: 157.53657178438212
  target_error_R2_deg: -62.51765696980305
  target_error_F1_deg: 0.1291238870652347
  target_error_F2_deg: 0.045452985635706315
  mpc_iteration: 1.0
  angle_ok: False
  step_ok: True
  stable_counter: 0
