SIMULATION LOG
================================================================================
MPC iteration: 12
n_substeps: 1
n_nodes: 2
max residual inf: 1.665334536938e-16
max constraint norm: 1.144391699631e-16
LGVI solve failures accepted by residual tolerance: 0
maximum accepted residual: 0.000000000000e+00
local simulation step of maximum accepted residual: None
hard failure occurred: False

Final state:
  k: 1.0
  t: 0.1
  u: -1.2052797233465746
  thetaR1_rad: -0.8930999572101554
  thetaR2_rad: 0.5333171807105216
  thetaR1_deg: -51.17085823145632
  thetaR2_deg: 30.556823596528726
  thetaF1_rad: 0.12920144358148267
  thetaF2_rad: 0.48978672605311574
  thetaF1_deg: 7.402697424216576
  thetaF2_deg: 28.062712264373772
  R1_orth_error: 6.402702829281429e-16
  R2_orth_error: 7.131197290783894e-16
  F1_orth_error: 1.5720477960646996e-16
  F2_orth_error: 1.5705999866870967e-16
  R1_det_error: 4.440892098500626e-16
  R2_det_error: 4.440892098500626e-16
  F1_det_error: 0.0
  F2_det_error: 0.0
  base_x: 0.0
  base_y: 0.0
  elbow_x: -0.7790191610280747
  elbow_y: -0.6270001170263962
  tip_x: -0.27062651946392613
  tip_y: -1.4881254981431224
  target_angle_error_norm_rad: 3.443663797192775
  target_angle_error_norm_deg: 197.30740164114107
  target_step_error_norm_rad: 0.506541261933684
  target_step_error_norm_deg: 29.022676458030837
  target_error_R1_deg: 128.82914176854365
  target_error_R2_deg: -149.44317640347128
  target_error_F1_deg: 7.402697424216583
  target_error_F2_deg: 28.062712264373783

F0 generated for next SDP iteration:
  This value will be used as F0 at MPC iteration 13.
  thetaF1_next_sdp_F0_rad: 0.12920144358148283
  thetaF1_next_sdp_F0_deg: 7.402697424216585
  thetaF2_next_sdp_F0_rad: 0.4897867260531156
  thetaF2_next_sdp_F0_deg: 28.062712264373765
  max_step_angle_deg_link1: 59.99999999999999
  max_step_angle_deg_link2: 59.99999999999999
  next_sdp_initial_f1_within_max_step: True
  next_sdp_initial_f2_within_max_step: True

Raw next SDP initial values:
  c1_0: 0.6270001170263965
  s1_0: -0.7790191610280749
  c2_0: 0.8611253811167262
  s2_0: 0.5083926415641485
  a1_prev: 0.9916650977247321
  b1_prev: 0.12884228325591945
  a2_prev: 0.8824332107832392
  b2_prev: 0.47043769885797104
  thetaR1: -0.8930999572101554
  thetaR2: 0.5333171807105216
  thetaF1_prev: 0.12920144358148283
  thetaF2_prev: 0.4897867260531156
  thetaF1_last_fine: 0.12920144358148267
  thetaF2_last_fine: 0.48978672605311574
