SIMULATION LOG
================================================================================
MPC iteration: 7
n_substeps: 1
n_nodes: 2
max residual inf: 1.804112415016e-16
max constraint norm: 5.551115123126e-17
LGVI solve failures accepted by residual tolerance: 0
maximum accepted residual: 0.000000000000e+00
local simulation step of maximum accepted residual: None
hard failure occurred: False

Final state:
  k: 1.0
  t: 0.1
  u: 1.7447548082145605
  thetaR1_rad: -0.4499202167066279
  thetaR2_rad: 2.896251296494535
  thetaR1_deg: -25.77852953490117
  thetaR2_deg: 165.9429756984297
  thetaF1_rad: -0.06141343393016982
  thetaF2_rad: 0.31835715889701854
  thetaF1_deg: -3.5187305696042586
  thetaF2_deg: 18.24052158257489
  R1_orth_error: 2.2550158358037334e-16
  R2_orth_error: 6.756068636210071e-16
  F1_orth_error: 1.570445457098677e-16
  F2_orth_error: 2.254098649616288e-16
  R1_det_error: 2.220446049250313e-16
  R2_det_error: 2.220446049250313e-16
  F1_det_error: 2.220446049250313e-16
  F2_det_error: 0.0
  base_x: 0.0
  base_y: 0.0
  elbow_x: -0.4348936920916142
  elbow_y: -0.9004818024696136
  tip_x: -0.1920062181821167
  tip_y: 0.06957266765969983
  target_angle_error_norm_rad: 2.7028305327892643
  target_angle_error_norm_deg: 154.8607822679205
  target_step_error_norm_rad: 0.32422660360938427
  target_step_error_norm_deg: 18.57681599267882
  target_error_R1_deg: 154.2214704650988
  target_error_R2_deg: -14.057024301570301
  target_error_F1_deg: -3.5187305696042666
  target_error_F2_deg: 18.240521582574882

F0 generated for next SDP iteration:
  This value will be used as F0 at MPC iteration 8.
  thetaF1_next_sdp_F0_rad: -0.06141343393016972
  thetaF1_next_sdp_F0_deg: -3.5187305696042532
  thetaF2_next_sdp_F0_rad: 0.3183571588970188
  thetaF2_next_sdp_F0_deg: 18.240521582574903
  max_step_angle_deg_link1: 59.99999999999999
  max_step_angle_deg_link2: 59.99999999999999
  next_sdp_initial_f1_within_max_step: True
  next_sdp_initial_f2_within_max_step: True

Raw next SDP initial values:
  c1_0: 0.9004818024696137
  s1_0: -0.4348936920916143
  c2_0: -0.9700544701293137
  s2_0: 0.24288747390949764
  a1_prev: 0.9981147877019833
  b1_prev: -0.061374836624023946
  a2_prev: 0.9497509197671758
  b2_prev: 0.3130066938603778
  thetaR1: -0.4499202167066279
  thetaR2: 2.896251296494535
  thetaF1_prev: -0.06141343393016972
  thetaF2_prev: 0.3183571588970188
  thetaF1_last_fine: -0.06141343393016982
  thetaF2_last_fine: 0.31835715889701854
