SIMULATION LOG
================================================================================
MPC iteration: 28
n_substeps: 1
n_nodes: 2
max residual inf: 4.024558464266e-16
max constraint norm: 5.553824967135e-17
LGVI solve failures accepted by residual tolerance: 0
maximum accepted residual: 0.000000000000e+00
local simulation step of maximum accepted residual: None
hard failure occurred: False

Final state:
  k: 1.0
  t: 0.1
  u: -0.02876222856709213
  thetaR1_rad: 3.1216258016319745
  thetaR2_rad: 3.1206348858530397
  thetaR1_deg: 178.85598365265446
  thetaR2_deg: 178.7992083606686
  thetaF1_rad: 0.006029422540325869
  thetaF2_rad: 0.006868726089254007
  thetaF1_deg: 0.3454604644617197
  thetaF2_deg: 0.3935490155456538
  R1_orth_error: 1.1110128082040384e-15
  R2_orth_error: 5.664117794211299e-16
  F1_orth_error: 3.140188937255421e-16
  F2_orth_error: 4.180205164927512e-19
  R1_det_error: 2.220446049250313e-16
  R2_det_error: 4.440892098500626e-16
  F1_det_error: 2.220446049250313e-16
  F2_det_error: 1.1102230246251565e-16
  base_x: 0.0
  base_y: 0.0
  elbow_x: 0.019965525269558193
  elbow_y: 0.9998006690339383
  tip_x: 0.040921758833503866
  tip_y: 1.9995810630579527
  target_angle_error_norm_rad: 0.028946557750674753
  target_angle_error_norm_deg: 1.6585155905453648
  target_step_error_norm_rad: 0.009139657228746871
  target_step_error_norm_deg: 0.5236637854034297
  target_error_R1_deg: -1.1440163473455343
  target_error_R2_deg: -1.2007916393314129
  target_error_F1_deg: 0.34546046446170886
  target_error_F2_deg: 0.39354901554564936

F0 generated for next SDP iteration:
  This value will be used as F0 at MPC iteration 29.
  thetaF1_next_sdp_F0_rad: 0.006029422540325732
  thetaF1_next_sdp_F0_deg: 0.3454604644617118
  thetaF2_next_sdp_F0_rad: 0.006868726089254086
  thetaF2_next_sdp_F0_deg: 0.39354901554565835
  max_step_angle_deg_link1: 59.99999999999999
  max_step_angle_deg_link2: 59.99999999999999
  next_sdp_initial_f1_within_max_step: True
  next_sdp_initial_f2_within_max_step: True

Raw next SDP initial values:
  c1_0: -0.9998006690339385
  s1_0: 0.019965525269558346
  c2_0: -0.9997803940240142
  s2_0: 0.02095623356394569
  a1_prev: 0.9999818230869824
  b1_prev: 0.006029386008185109
  a2_prev: 0.9999764103937006
  b2_prev: 0.0068686720789877375
  thetaR1: 3.1216258016319745
  thetaR2: 3.1206348858530397
  thetaF1_prev: 0.006029422540325732
  thetaF2_prev: 0.006868726089254086
  thetaF1_last_fine: 0.006029422540325869
  thetaF2_last_fine: 0.006868726089254007
