SIMULATION LOG
================================================================================
MPC iteration: 24
n_substeps: 1
n_nodes: 2
max residual inf: 9.714451465470e-17
max constraint norm: 1.112389315514e-16
LGVI solve failures accepted by residual tolerance: 0
maximum accepted residual: 0.000000000000e+00
local simulation step of maximum accepted residual: None
hard failure occurred: False

Final state:
  k: 1.0
  t: 0.1
  u: -0.05996327080959454
  thetaR1_rad: 3.084637744781494
  thetaR2_rad: 3.0758388273857196
  thetaR1_deg: 176.73672410273198
  thetaR2_deg: 176.23258327166985
  thetaF1_rad: 0.015878306286747985
  thetaF2_rad: 0.024156338080987435
  thetaF1_deg: 0.9097599360467015
  thetaF2_deg: 1.3840562205317302
  R1_orth_error: 1.000482202054693e-15
  R2_orth_error: 6.565189050895312e-16
  F1_orth_error: 1.5702214075212986e-16
  F2_orth_error: 2.0749811864525745e-18
  R1_det_error: 2.220446049250313e-16
  R2_det_error: 4.440892098500626e-16
  F1_det_error: 0.0
  F2_det_error: 0.0
  base_x: 0.0
  base_y: 0.0
  elbow_x: 0.05692412149492219
  elbow_y: 0.998378507577177
  tip_x: 0.12263057611002753
  tip_y: 1.9962175035188636
  target_angle_error_norm_rad: 0.0869909610122636
  target_angle_error_norm_deg: 4.984214921789796
  target_step_error_norm_rad: 0.028907599001278723
  target_step_error_norm_deg: 1.6562834186298645
  target_error_R1_deg: -3.2632758972680103
  target_error_R2_deg: -3.767416728330133
  target_error_F1_deg: 0.9097599360466909
  target_error_F2_deg: 1.3840562205317208

F0 generated for next SDP iteration:
  This value will be used as F0 at MPC iteration 25.
  thetaF1_next_sdp_F0_rad: 0.015878306286747895
  thetaF1_next_sdp_F0_deg: 0.9097599360466962
  thetaF2_next_sdp_F0_rad: 0.024156338080987525
  thetaF2_next_sdp_F0_deg: 1.3840562205317355
  max_step_angle_deg_link1: 59.99999999999999
  max_step_angle_deg_link2: 59.99999999999999
  next_sdp_initial_f1_within_max_step: True
  next_sdp_initial_f2_within_max_step: True

Raw next SDP initial values:
  c1_0: -0.9983785075771773
  s1_0: 0.05692412149492211
  c2_0: -0.9978389959416863
  s2_0: 0.06570645461510546
  a1_prev: 0.9998739423432439
  b1_prev: 0.015877639087112816
  a2_prev: 0.9997082498527199
  b2_prev: 0.02415398883022799
  thetaR1: 3.084637744781494
  thetaR2: 3.0758388273857196
  thetaF1_prev: 0.015878306286747895
  thetaF2_prev: 0.024156338080987525
  thetaF1_last_fine: 0.015878306286747985
  thetaF2_last_fine: 0.024156338080987435
