/n/home12/eelshani/.conda/envs/spot_env/bin/python
Python 3.13.13
csp_construct execution time: 0.00150581 s
Generate cI execution time: 0.00361784 s
Assign Constraints execution time: 0.001634 s
Record Monomials execution time: 0.013605 s
Construct C execution time: 0.0102282 s
Generate tI execution time: 0.515377 s
615169  3857559
615169  3890151
615169  3890151  1990212  634300
SOS Conversion execution time: 0.902783 s
Construction Finish!
Problem
  Name                   : mosek_standard_sdp_test_2
  Objective sense        : maximize        
  Type                   : CONIC (conic optimization problem)
  Constraints            : 615169          
  Affine conic cons.     : 0               
  Disjunctive cons.      : 0               
  Cones                  : 0               
  Scalar variables       : 634301          
  Matrix variables       : 200 (scalarized: 3865707)
  Integer variables      : 0               

Optimizer started.
Presolve started.
Linear dependency checker started.
Linear dependency checker terminated.
Eliminator started.
Freed constraints in eliminator : 0
Eliminator terminated.
Eliminator started.
Freed constraints in eliminator : 0
Eliminator terminated.
Eliminator - tries                  : 2                 time                   : 0.00            
Lin. dep.  - tries                  : 1                 time                   : 0.13            
Lin. dep.  - primal attempts        : 1                 successes              : 1               
Lin. dep.  - dual attempts          : 0                 successes              : 0               
Lin. dep.  - primal deps.           : 0                 dual deps.             : 0               
Presolve terminated. Time: 0.53    
Optimizer  - threads                : 16              
Optimizer  - solved problem         : the primal      
Optimizer  - Constraints            : 615169          
Optimizer  - Cones                  : 1               
Optimizer  - Scalar variables       : 320006            conic                  : 320006          
Optimizer  - Semi-definite variables: 200               scalarized             : 3865707         
Factor     - setup time             : 1151.75         
Factor     - dense det. time        : 542.21            GP order time          : 0.65            
Factor     - nonzeros before factor : 5.41e+09          after factor           : 5.91e+09        
Factor     - dense dim.             : 2                 flops                  : 6.24e+13        
Factor     - GP saved nzs           : 5.76e+08          GP saved flops         : 1.48e+13        
ITE PFEAS    DFEAS    GFEAS    PRSTATUS   POBJ              DOBJ              MU       TIME  
0   1.1e+02  1.0e+00  1.0e+00  0.00e+00   -0.000000000e+00  -0.000000000e+00  1.0e+00  1154.43
1   1.1e+02  9.9e-01  9.7e-01  7.06e-02   -1.729706514e-02  1.419528758e-03   9.9e-01  1274.38
2   1.1e+02  9.7e-01  8.6e-01  4.37e+00   8.725954539e+00   8.770608522e+00   9.7e-01  1393.49
3   1.0e+02  9.4e-01  8.5e-01  2.63e+00   7.462422619e+00   7.448031685e+00   9.4e-01  1512.71
4   9.7e+01  8.8e-01  7.0e-01  2.13e+00   1.627844556e+01   1.630599212e+01   8.8e-01  1633.83
5   8.3e+01  7.5e-01  5.2e-01  2.04e+00   2.697811999e+01   2.699798895e+01   7.5e-01  1754.12
6   6.5e+01  5.9e-01  3.7e-01  1.49e+00   3.310130442e+01   3.308915534e+01   5.9e-01  1873.56
7   3.3e+01  2.9e-01  1.0e-01  1.59e+00   3.173609098e+01   3.176460699e+01   2.9e-01  1995.97
8   1.6e+01  1.4e-01  3.1e-02  1.44e+00   2.560572948e+01   2.561969379e+01   1.4e-01  2117.81
9   7.9e+00  7.1e-02  1.1e-02  1.17e+00   2.467667502e+01   2.468477416e+01   7.1e-02  2237.28
10  3.3e+00  2.9e-02  2.6e-03  1.10e+00   2.516010760e+01   2.516444007e+01   2.9e-02  2359.19
11  1.9e+00  1.7e-02  1.1e-03  1.10e+00   2.569632505e+01   2.569901859e+01   1.7e-02  2476.88
12  6.9e-01  6.2e-03  2.2e-04  1.10e+00   2.549741530e+01   2.549855065e+01   6.2e-03  2597.19
13  3.9e-01  3.5e-03  9.3e-05  1.02e+00   2.533397938e+01   2.533463115e+01   3.5e-03  2713.43
14  2.2e-01  2.0e-03  4.0e-05  9.54e-01   2.520057166e+01   2.520095553e+01   2.0e-03  2830.96
15  8.0e-02  7.2e-04  9.3e-06  9.13e-01   2.513139441e+01   2.513154365e+01   7.2e-04  2952.30
16  3.2e-02  2.9e-04  2.5e-06  8.18e-01   2.515607250e+01   2.515613674e+01   2.9e-04  3075.84
17  1.4e-02  1.2e-04  7.7e-07  7.66e-01   2.518361379e+01   2.518364219e+01   1.2e-04  3197.82
18  7.1e-03  6.4e-05  3.3e-07  7.07e-01   2.521198321e+01   2.521199839e+01   6.4e-05  3317.87
19  2.5e-03  2.3e-05  8.3e-08  6.54e-01   2.525993661e+01   2.525994110e+01   2.3e-05  3439.85
20  9.8e-04  8.8e-06  2.4e-08  6.00e-01   2.529531379e+01   2.529531481e+01   8.8e-06  3560.20
21  6.6e-04  5.9e-06  1.5e-08  5.69e-01   2.531037535e+01   2.531037567e+01   5.9e-06  3678.70
22  2.2e-04  2.1e-06  4.0e-09  5.88e-01   2.533682703e+01   2.533682652e+01   2.1e-06  3803.77
23  1.1e-04  1.2e-06  2.0e-09  5.70e-01   2.534913410e+01   2.534913348e+01   1.2e-06  3923.33
24  1.1e-05  4.1e-07  5.0e-10  5.90e-01   2.536627970e+01   2.536627907e+01   4.1e-07  4047.16
25  6.7e-06  2.5e-07  2.7e-10  5.65e-01   2.537216417e+01   2.537216360e+01   2.5e-07  4176.82
26  5.2e-06  2.0e-07  2.0e-10  5.79e-01   2.537470919e+01   2.537470867e+01   2.0e-07  4304.84
27  2.2e-06  8.3e-08  6.7e-11  5.82e-01   2.538139246e+01   2.538139207e+01   8.3e-08  4433.79
28  1.4e-06  4.5e-08  3.1e-11  5.97e-01   2.538495119e+01   2.538495088e+01   4.5e-08  4568.04
29  1.3e-06  4.3e-08  2.9e-11  5.89e-01   2.538525908e+01   2.538525878e+01   4.2e-08  4697.84
30  1.3e-06  4.1e-08  2.7e-11  8.26e-01   2.538550447e+01   2.538550418e+01   4.0e-08  4831.34
31  1.2e-06  3.9e-08  2.6e-11  5.89e-01   2.538566619e+01   2.538566590e+01   3.9e-08  4957.68
32  5.5e-07  1.9e-08  9.8e-12  5.66e-01   2.538885555e+01   2.538885533e+01   1.8e-08  5086.94
33  5.5e-07  1.9e-08  9.8e-12  1.03e+00   2.538885555e+01   2.538885533e+01   1.8e-08  5214.96
34  5.4e-07  1.9e-08  9.7e-12  7.67e-01   2.538887367e+01   2.538887346e+01   1.8e-08  5341.96
35  5.4e-07  1.9e-08  9.7e-12  7.67e-01   2.538887367e+01   2.538887346e+01   1.8e-08  5470.37
36  5.4e-07  1.9e-08  9.7e-12  1.02e+00   2.538887851e+01   2.538887829e+01   1.8e-08  5597.25
37  5.4e-07  1.9e-08  9.7e-12  1.02e+00   2.538887851e+01   2.538887829e+01   1.8e-08  5729.81
38  5.4e-07  1.9e-08  9.7e-12  1.02e+00   2.538887851e+01   2.538887829e+01   1.8e-08  5859.26
39  4.3e-07  1.6e-08  5.2e-12  7.07e-01   2.539018289e+01   2.539018273e+01   1.1e-08  5985.56
40  4.2e-07  1.6e-08  5.2e-12  9.58e-01   2.539019326e+01   2.539019310e+01   1.1e-08  6113.04
41  4.2e-07  1.6e-08  5.2e-12  9.58e-01   2.539019326e+01   2.539019310e+01   1.1e-08  6244.39
42  4.1e-07  1.6e-08  5.1e-12  9.96e-01   2.539021350e+01   2.539021334e+01   1.1e-08  6369.03
43  4.1e-07  1.6e-08  5.1e-12  9.96e-01   2.539021422e+01   2.539021406e+01   1.1e-08  6498.52
44  4.1e-07  1.6e-08  5.1e-12  9.96e-01   2.539021422e+01   2.539021406e+01   1.1e-08  6632.01
45  4.1e-07  1.6e-08  5.1e-12  1.00e+00   2.539021435e+01   2.539021419e+01   1.1e-08  6759.51
Optimizer terminated. Time: 6888.02 


Interior-point solution summary
  Problem status  : PRIMAL_AND_DUAL_FEASIBLE
  Solution status : OPTIMAL
  Primal.  obj: 2.5390214351e+01    nrm: 4e+03    Viol.  con: 2e-06    var: 0e+00    barvar: 0e+00  
  Dual.    obj: 2.5390214192e+01    nrm: 2e+02    Viol.  con: 0e+00    var: 6e-08    barvar: 8e-08  
Ordered solution (v_opt_ordered):
[ 9.99999990e-01  9.99999988e-01  9.99927429e-01  9.99005619e-01
  9.97578933e-01  9.92409262e-01  9.93761313e-01  9.95131902e-01
  9.95067556e-01  9.94714162e-01  9.55829118e-01  9.93749272e-01
  9.82318729e-01  9.94630579e-01  9.95917130e-01  9.96820434e-01
  9.95976926e-01  9.98919580e-01  9.99120663e-01  9.99681447e-01
  9.99991860e-01  5.98666681e-20 -9.19463138e-20  3.83107551e-18
 -1.21419552e-17  1.35759105e-17 -1.39903264e-17 -1.41661600e-17
  2.04044484e-17 -2.23943282e-17  9.81743793e-18  3.68531960e-17
  1.98454133e-17 -5.63406641e-18 -1.04891496e-18  4.35188483e-18
  1.31429287e-17  1.71963343e-18  1.64533908e-18  1.98101521e-18
  2.37084483e-18  6.53160447e-20 -4.35142806e-20  3.08352093e-19
  6.78876739e-18  4.63928930e-19 -1.39086002e-17  1.81081397e-17
  1.38713619e-17  7.99703622e-18 -6.48941399e-18  2.60293023e-18
  6.47845958e-18 -2.26665646e-18  1.45147726e-18 -9.05136293e-18
 -1.88227298e-18 -1.61026277e-17 -7.44543287e-18 -3.28663266e-19
 -1.76775693e-18  1.05950762e-18 -1.26438599e-19  6.87653148e-20
  4.45444950e-21  1.10660664e-18  1.15349118e-17 -1.66853810e-17
 -4.73459878e-18 -5.99187225e-18 -1.74095198e-17  1.67939345e-17
 -1.54384507e-18 -1.94324796e-17 -6.49007156e-18 -7.63590784e-19
  3.47210351e-20 -3.68547163e-18 -8.28779498e-18 -2.16171910e-19
 -6.47763435e-20  2.28250873e-18  3.05186533e-18 -7.17139963e-20
  9.99999990e-01  9.99999980e-01  9.93989364e-01  9.37542091e-01
  8.33966722e-01  1.92115344e-01 -1.42648073e-01 -7.43661403e-01
 -5.48759958e-01  6.19932833e-02  7.77542559e-01  7.54815765e-01
  3.91999138e-01 -5.26204228e-02 -2.86237356e-01 -4.86867021e-01
 -6.85629233e-01 -8.79319305e-01 -9.45156041e-01 -9.85094873e-01
 -9.99364394e-01 -1.65622940e-20 -1.06875924e-19 -1.90163424e-02
 -2.00326712e-01 -3.31580485e-01 -5.52870477e-01 -4.09208746e-01
 -2.42079534e-01  1.95308163e-01  3.44932602e-01 -7.82115976e-03
 -4.45207916e-01 -8.18702429e-01 -8.82850717e-01 -7.08082167e-01
 -5.76396818e-01 -5.17816999e-01 -3.57620253e-01 -2.69075931e-01
 -1.05787888e-01 -5.98855575e-19 -7.57723184e-20  6.27748398e-21
 -1.00483579e-17 -6.52616040e-20 -7.73651801e-18  3.51229570e-19
 -6.95405587e-18 -1.36893035e-04 -3.59318566e-18  5.70972825e-17
  1.01037506e-17  2.84790827e-18 -1.53040011e-17 -1.01734823e-17
 -6.29054952e-18 -7.68283706e-19 -8.29425048e-18  2.12986382e-18
 -5.31447118e-19  6.35688879e-21 -3.93507394e-20  1.22239767e-19
 -2.97465733e-05  2.70337056e-02  1.55265593e-01  4.06773469e-01
  4.55464911e-01  4.79782206e-01  2.22402779e-01 -1.81268407e-01
 -4.31991176e-01  5.34386837e-02  4.79725549e-01  8.24971111e-01
  8.73053573e-01  7.27966698e-01  5.97013748e-01  5.17148598e-01
  3.91951950e-01  2.69927629e-01  1.31192945e-01  7.92195797e-19
  9.99999990e-01  1.00000008e+00  9.88819696e-01  9.48113624e-01
  7.56829784e-01  3.33449859e-01 -3.76969945e-01 -7.35920739e-01
 -5.19894640e-01  1.96404654e-01  8.55520122e-01  7.89216266e-01
  4.28372390e-01 -4.32573922e-02 -3.08467838e-01 -4.43884552e-01
 -7.24340727e-01 -8.57599919e-01 -9.44654559e-01 -9.84673268e-01
 -9.99357344e-01  9.99999991e-01  9.99945011e-01  9.99360506e-01
  9.98871452e-01  9.99147997e-01  9.95787890e-01  9.96347403e-01
  9.97672011e-01  9.97393667e-01  9.98435831e-01  9.99267154e-01
  9.99321927e-01  9.98604709e-01  9.99323090e-01  9.99508588e-01
  9.98880968e-01  9.99603928e-01  9.99556002e-01  9.99387984e-01
  9.99805887e-01 -2.91892842e-20  8.56748525e-18  6.48004352e-17
  5.19817116e-17 -5.40629262e-18 -7.99848567e-18  4.31601907e-05
 -5.00340798e-06 -1.40320293e-17 -1.99907775e-17  6.14613880e-18
  3.45922149e-18 -2.46166947e-19  7.05135475e-18 -3.60498970e-18
  1.91962095e-18 -2.81538876e-18  7.76435591e-19 -5.30263446e-20
 -3.16734311e-18  1.41221621e-21  1.05188618e-17 -2.13510319e-18
 -1.03834039e-19  1.04345634e-17 -1.86929162e-18  4.05807265e-04
  5.59672245e-04  2.60535118e-17 -4.35878457e-18 -6.33715301e-18
  8.11205561e-18  9.91525684e-18  9.91276789e-19  7.76560546e-19
 -1.05996545e-18 -1.33464878e-18 -3.59756879e-18  1.17053956e-18
 -1.52141668e-18  1.59895877e-20 -8.05032243e-18 -5.91184875e-17
 -4.00261189e-17  6.40310068e-18  2.65701806e-18  4.03636155e-05
  1.31858880e-04  1.24458494e-17  2.23441595e-17 -5.08318028e-18
 -4.37720457e-18  9.43680781e-19 -4.79905755e-18  2.24303810e-18
 -8.02383127e-19  2.63061288e-18 -1.00308279e-18 -7.44791183e-19
  3.11812273e-18  9.99999991e-01  9.96883587e-01  9.82452485e-01
  9.51586721e-01  9.29825244e-01  8.71181966e-01  7.88021213e-01
  6.99752719e-01  6.32191717e-01  6.63796314e-01  8.30347802e-01
  8.30492840e-01  8.64727891e-01  9.08928118e-01  9.14251615e-01
  9.30085827e-01  9.71295070e-01  9.82460363e-01  9.86944541e-01
  9.93369682e-01  2.51676992e-14 -1.69212772e-02 -7.52686493e-02
 -1.73999313e-01 -2.45339396e-01 -2.76316081e-01 -4.12622247e-01
 -6.02851267e-01 -5.35504739e-01 -5.38939251e-01 -3.73322152e-01
 -4.83587610e-01 -4.44507915e-01 -3.66098081e-01 -2.73323843e-01
 -2.30077290e-01 -1.98435446e-01 -1.50261558e-01 -1.30647755e-01
 -5.63553339e-02  1.54474077e-20 -1.53756114e-17 -1.33112193e-17
 -9.49156292e-18 -1.06008484e-17  5.61765864e-19 -4.81433188e-04
 -4.39444099e-04 -2.97921076e-17 -2.27333375e-18  6.71869100e-18
 -1.00246612e-17 -1.25500305e-17 -1.68327019e-18 -6.12820040e-19
 -2.99013176e-18 -8.10739354e-18  2.29401868e-18  1.70071548e-18
  4.92366853e-19  1.24605238e-12  1.69246946e-02  7.53287064e-02
  1.74061898e-01  2.45034361e-01  2.76049086e-01  4.12678800e-01
  6.03342831e-01  5.35806250e-01  5.39059280e-01  3.73327561e-01
  4.83639854e-01  4.44554688e-01  3.66095753e-01  2.73342032e-01
  2.30094621e-01  1.98437424e-01  1.50253479e-01  1.30646083e-01
  4.83111586e-02  9.99999991e-01  9.96894805e-01  9.79056280e-01
  9.53295069e-01  9.14078882e-01  8.71140254e-01  7.83708890e-01
  7.00287478e-01  6.39836301e-01  6.58817203e-01  8.27886112e-01
  8.29178348e-01  8.65051869e-01  9.08682126e-01  9.20654267e-01
  9.19848331e-01  9.71151439e-01  9.81828100e-01  9.87176473e-01
  9.93391372e-01  2.92292672e-16 -1.13634539e-19  5.43447992e-17
  1.28163340e-16 -4.67652915e-17 -6.14064628e-18 -3.49365341e-02
  4.22541903e-16  5.86627526e-16 -1.02517898e-16 -1.41821493e-16
  9.72922033e-17 -5.32505589e-17 -1.51283681e-17  7.40615453e-18
  7.98322142e-18 -2.93315636e-17  2.88465724e-17  7.18641515e-18
 -2.63654950e+00  1.21603263e-02  3.75029088e-01 -3.30741554e+00
 -6.98145783e-01  1.25086155e+00  3.30393733e+00  2.53903458e+00
  4.39334745e-01 -2.38408086e+00 -2.16899498e+00 -9.86751248e-01
 -2.13542110e-02  4.82609632e-01  5.30046864e-01  4.01895117e-01
  3.66105054e-01  2.13634302e-01  1.04141166e-01 -1.29456054e-03
  1.91518631e-01  1.65848275e-01  3.06933983e+00  2.16845842e+00
  2.89613928e+00  1.82685626e-02 -1.58252640e+00 -3.10962413e+00
  7.24334065e-02  1.47353540e+00  1.97416747e+00  1.55816340e+00
  1.03733155e+00  6.13695087e-01  3.74872674e-01  3.20170201e-01
  8.44630537e-02  2.29921992e-02]
[ 1.00000000e+00  9.99999996e-01  9.99941574e-01  9.99161748e-01
  9.97589061e-01  9.96147595e-01  9.95299230e-01  9.94831888e-01
  9.94553269e-01  9.94444210e-01  9.94236013e-01  9.93838616e-01
  9.93579984e-01  9.88626808e-01  9.95056006e-01  9.96689595e-01
  9.97982977e-01  9.98876742e-01  9.99418561e-01  9.99729850e-01
  9.99990927e-01  1.82226240e-19 -1.69397357e-19  2.99459030e-18
  7.77718709e-19  5.34030571e-18  3.10380801e-18 -2.39578733e-18
 -9.33681416e-18  2.50590363e-18  1.16993584e-18  1.35367977e-18
 -9.78466561e-19 -1.38153256e-18  3.18385023e-04  1.66055293e-18
  2.93810357e-18  1.50776045e-18  1.42972930e-18 -4.02274815e-19
 -8.56943964e-19  1.11421120e-19 -9.55918470e-20  6.49920054e-19
  6.16466401e-18 -2.72946343e-19 -1.04641879e-17  6.60657326e-19
  2.42822533e-18 -7.49247304e-19 -8.85417724e-19  4.44729331e-20
 -2.61669900e-18 -1.48428377e-18  1.21858661e-18  8.91922585e-04
 -4.35655308e-18 -5.86407634e-18 -2.96348599e-18 -1.05479058e-19
  3.98980940e-19  7.84230504e-19 -1.75644575e-19  5.43895982e-16
  1.60680545e-20 -2.24035393e-19  2.30196812e-19 -4.96443818e-18
  3.86019969e-18  2.99948699e-18  5.59067809e-18  1.54412805e-18
 -4.96053480e-19 -2.57912010e-18  5.66456751e-20  1.21002370e-18
 -6.90853278e-02 -1.03035424e-18 -2.17674461e-18 -1.94103602e-19
  1.31746357e-20  6.96510250e-20 -9.98677052e-19 -1.16561494e-19
  9.99999999e-01  9.99999988e-01  9.96884807e-01  9.74433945e-01
  9.16638791e-01  8.32869486e-01  7.57799516e-01  7.25774464e-01
  7.53786409e-01  8.36059037e-01  9.17368115e-01  8.30729851e-01
  5.26865481e-01  1.54415018e-01 -3.29481833e-01 -6.27200691e-01
 -8.03004396e-01 -9.04860901e-01 -9.60894896e-01 -9.88700365e-01
 -9.99362533e-01 -7.39115432e-20  1.28446859e-19 -6.20114998e-18
  2.06821456e-17 -7.50575078e-18  5.24909518e-17 -4.68127636e-17
 -4.39597803e-17  8.68555868e-17  2.26014635e-16  1.79060523e-16
  9.21998540e-17 -2.49823128e-16  1.52965600e+14 -1.57118524e-15
  4.21622509e-17  3.52594705e-17  1.55069504e-17 -3.31799914e-18
 -5.30575594e-18 -7.20916284e-19  2.71947991e-16 -2.64660205e+01
  1.42028048e-02 -1.76827420e-01  1.36957129e-02 -7.98447612e-19
  1.31015382e-18 -4.05173847e-03  1.13474188e-17  1.13366209e-18
 -1.60425978e-01  1.48455729e-01  3.79990837e-17  1.73409429e-03
 -1.79218827e-17  8.85480330e-18 -1.68161555e-18 -1.17845991e-17
 -4.40954337e-19  7.14347563e-19 -1.15746731e-19  1.75747654e-19
  1.63436748e+13 -5.46074435e+12 -8.73393485e+13 -9.00763896e+13
 -3.71294302e-17  2.66626243e-17 -1.47284443e+13  7.00199317e-17
  2.80254393e-16 -1.77719145e+12  1.67866234e+14  4.36017718e-16
 -1.07070320e+14  1.09128193e-15 -3.75272036e-17 -3.49076843e-17
 -8.86447107e-18  1.87049934e-17  4.23566238e-18  8.21526446e-19
  9.99999999e-01  2.70208243e+00  1.00010325e+00  6.72697859e-01
  9.36261348e-01  7.96838317e-01  7.14206891e-01  6.13216466e-01
  7.46495769e-01  8.10540112e-01  8.03337075e-01  7.84932767e-01
  5.14992320e-01  7.38316986e-02 -3.19814874e-01 -6.13279222e-01
 -7.97440430e-01 -9.02985226e-01 -9.60298528e-01 -9.88646186e-01
 -9.99354584e-01  1.00000000e+00  9.99938670e-01  9.99270994e-01
  9.98917881e-01  9.98955070e-01  9.99282114e-01  9.99458863e-01
  9.99492343e-01  9.99464080e-01  9.99360615e-01  9.99167415e-01
  9.98964309e-01  9.98919588e-01  9.99009680e-01  9.99209032e-01
  9.99431564e-01  9.99597248e-01  9.99705127e-01  9.99765702e-01
  9.99781153e-01 -8.07503392e-03 -1.86943697e-01  2.62621283e-02
 -3.31812354e-02  4.09128303e-03 -1.55629835e-18  1.17588174e-03
  1.36167645e-04  2.00762250e-18  3.98323417e-03 -5.78304336e-04
 -2.00184125e-03 -1.07150750e-03 -5.05096793e-04  2.15055437e-21
 -1.18159500e-18 -1.14281539e-18  1.81758440e-19  3.18740140e-19
  6.76784123e-19 -1.15812504e-02  1.12998306e-01  7.51115843e-04
 -3.06684623e-04 -1.06255268e-03  7.12447116e-19 -8.78079895e-04
 -6.58920722e-04 -9.61409333e-18  1.25871124e-02 -5.45971839e-03
 -1.10967024e-02 -8.22423936e-04 -3.47250217e-04  2.17855529e-18
  1.67061693e-18  6.79294771e-19  1.18360230e-19 -7.42205937e-19
 -1.21455916e-18  7.60445755e-03  1.86781495e-01 -2.30105704e-02
  8.94593103e-03 -4.03720511e-03  7.09458494e-19 -7.92733079e-04
 -6.35190850e-05 -1.67997595e-18  6.56550119e-03  2.74002239e-03
  1.48883837e-03  9.93942457e-04  6.00790117e-04  1.46411461e-19
  1.29366840e-18  1.15788088e-18 -2.52619410e-19 -5.73106854e-19
 -4.96514715e-19  1.00000000e+00  9.96813563e-01  9.87857162e-01
  9.79006829e-01  9.76244677e-01  9.81146487e-01  9.86461135e-01
  9.82996136e-01  9.60552524e-01  9.09416792e-01  8.55890475e-01
  8.38190174e-01  8.56355144e-01  8.95116245e-01  9.34308350e-01
  9.60968135e-01  9.77006936e-01  9.86193138e-01  9.91098019e-01
  9.93328152e-01  1.29871737e+04  9.67788660e+15  8.09462582e+12
  4.64876403e+12  6.37062733e+12 -8.33999951e-19  1.28424210e+13
  1.27572802e+13  8.12942695e-17 -1.17050429e+14 -1.71241414e+14
 -3.15863535e+13  6.56565283e+13  5.51947053e+13 -4.47625740e-16
  3.22819381e-17 -7.11653797e-19  4.82789749e-18 -2.54209575e-18
  2.86148626e-19 -1.66687597e-02 -3.62212744e-02 -3.45556881e-04
  2.57073574e-03  1.52275379e-04  1.57511291e-19  6.14510170e-04
  8.17540158e-04  9.62187356e-18 -5.24284801e-03  6.04500158e-03
  9.73061667e-03  6.04650987e-04  4.38037022e-04 -1.39257642e-18
 -2.25791292e-18 -8.32922976e-19 -6.98036806e-20  5.27413495e-19
  7.54613989e-19 -1.76467601e+06 -9.67569461e+15 -8.09568779e+12
 -4.65438389e+12 -6.36259684e+12  1.54762459e-18 -1.28560214e+13
 -1.27636109e+13 -8.05323455e-17  1.17091873e+14  1.71199660e+14
  3.15720024e+13 -6.56692338e+13 -5.51934996e+13  4.47880046e-16
 -3.23678836e-17  9.26926134e-19 -4.53669858e-18  2.73220103e-18
  1.96414896e-19  1.00000000e+00  9.96824602e-01  9.88490599e-01
  9.80116499e-01  9.77565207e-01  9.82391867e-01  9.87779736e-01
  9.84301562e-01  9.60993389e-01  9.08445829e-01  8.55327506e-01
  8.37882339e-01  8.55783904e-01  8.95324195e-01  9.34574966e-01
  9.60955314e-01  9.76939041e-01  9.86157424e-01  9.91064410e-01
  9.93364091e-01 -1.68172033e-01 -3.88699531e-02  3.80562853e-02
 -1.11235584e-01 -5.51594848e-17 -9.62475413e-18 -1.59554697e-02
 -9.32110821e-17 -2.76987441e-16 -2.65950326e-01 -6.13074577e-01
  3.23835570e-17 -2.15020914e-18 -5.72842876e-18 -8.90483151e-19
  3.69719429e-18 -1.42591921e-18 -2.00269676e-18  1.21604067e-18
  1.44875439e+18  1.03644339e+15  5.14610343e+15  2.37046723e+15
  1.16121041e-15 -4.15559970e-16 -5.22530713e+14 -5.77289686e-16
  9.41552388e-15 -5.96451506e+11 -5.31415491e+15  1.38271784e-17
 -1.30821269e-17 -1.02154099e-16 -3.04750280e-17 -2.35248932e-17
  1.77332637e-17  1.66399177e-17 -6.90273461e-19 -1.66141163e+00
  1.44611539e-01  4.01521919e-01  1.97660002e+00  2.01154916e+00
  1.31183258e+00  9.34570636e-01 -9.00141198e-01 -1.70829362e+00
  5.92135363e-01  1.92766269e+00  2.05188415e+00  1.67373023e+00
  1.19411301e+00  7.33665381e-01  3.72539573e-01  1.69175221e-01
  6.49814211e-02  1.62940643e-02]

============================================================
SOLUTION VARIABLES (NAIVE EXTRACTION)
============================================================

k=0:
  R_0 =
[[ 1.00000000e+00  1.82226240e-19 -9.55918470e-20]
 [ 5.43895982e-16  9.99999999e-01 -7.39115432e-20]
 [ 2.71947991e-16  1.75747654e-19  9.99999999e-01]]
  F_0 =
[[ 1.00000000e+00 -8.07503392e-03 -1.15812504e-02]
 [ 7.60445755e-03  1.00000000e+00  1.29871737e+04]
 [-1.66687597e-02 -1.76467601e+06  1.00000000e+00]]

k=1:
  R_1 =
[[ 9.99999996e-01 -1.69397357e-19  6.49920054e-19]
 [ 1.60680545e-20  9.99999988e-01  1.28446859e-19]
 [-2.64660205e+01  1.63436748e+13  2.70208243e+00]]
  F_1 =
[[ 9.99938670e-01 -1.86943697e-01  1.12998306e-01]
 [ 1.86781495e-01  9.96813563e-01  9.67788660e+15]
 [-3.62212744e-02 -9.67569461e+15  9.96824602e-01]]
  u_p_1 = [-0.168172, 1448754389329881344.000000, -1.661412]

k=2:
  R_2 =
[[ 9.99941574e-01  2.99459030e-18  6.16466401e-18]
 [-2.24035393e-19  9.96884807e-01 -6.20114998e-18]
 [ 1.42028048e-02 -5.46074435e+12  1.00010325e+00]]
  F_2 =
[[ 9.99270994e-01  2.62621283e-02  7.51115843e-04]
 [-2.30105704e-02  9.87857162e-01  8.09462582e+12]
 [-3.45556881e-04 -8.09568779e+12  9.88490599e-01]]
  u_p_2 = [-0.038870, 1036443393583060.500000, 0.144612]

k=3:
  R_3 =
[[ 9.99161748e-01  7.77718709e-19 -2.72946343e-19]
 [ 2.30196812e-19  9.74433945e-01  2.06821456e-17]
 [-1.76827420e-01 -8.73393485e+13  6.72697859e-01]]
  F_3 =
[[ 9.98917881e-01 -3.31812354e-02 -3.06684623e-04]
 [ 8.94593103e-03  9.79006829e-01  4.64876403e+12]
 [ 2.57073574e-03 -4.65438389e+12  9.80116499e-01]]
  u_p_3 = [0.038056, 5146103425431850.000000, 0.401522]

k=4:
  R_4 =
[[ 9.97589061e-01  5.34030571e-18 -1.04641879e-17]
 [-4.96443818e-18  9.16638791e-01 -7.50575078e-18]
 [ 1.36957129e-02 -9.00763896e+13  9.36261348e-01]]
  F_4 =
[[ 9.98955070e-01  4.09128303e-03 -1.06255268e-03]
 [-4.03720511e-03  9.76244677e-01  6.37062733e+12]
 [ 1.52275379e-04 -6.36259684e+12  9.77565207e-01]]
  u_p_4 = [-0.111236, 2370467227557756.500000, 1.976600]

k=5:
  R_5 =
[[ 9.96147595e-01  3.10380801e-18  6.60657326e-19]
 [ 3.86019969e-18  8.32869486e-01  5.24909518e-17]
 [-7.98447612e-19 -3.71294302e-17  7.96838317e-01]]
  F_5 =
[[ 9.99282114e-01 -1.55629835e-18  7.12447116e-19]
 [ 7.09458494e-19  9.81146487e-01 -8.33999951e-19]
 [ 1.57511291e-19  1.54762459e-18  9.82391867e-01]]
  u_p_5 = [-0.000000, 0.000000, 2.011549]

k=6:
  R_6 =
[[ 9.95299230e-01 -2.39578733e-18  2.42822533e-18]
 [ 2.99948699e-18  7.57799516e-01 -4.68127636e-17]
 [ 1.31015382e-18  2.66626243e-17  7.14206891e-01]]
  F_6 =
[[ 9.99458863e-01  1.17588174e-03 -8.78079895e-04]
 [-7.92733079e-04  9.86461135e-01  1.28424210e+13]
 [ 6.14510170e-04 -1.28560214e+13  9.87779736e-01]]
  u_p_6 = [-0.000000, -0.000000, 1.311833]

k=7:
  R_7 =
[[ 9.94831888e-01 -9.33681416e-18 -7.49247304e-19]
 [ 5.59067809e-18  7.25774464e-01 -4.39597803e-17]
 [-4.05173847e-03 -1.47284443e+13  6.13216466e-01]]
  F_7 =
[[ 9.99492343e-01  1.36167645e-04 -6.58920722e-04]
 [-6.35190850e-05  9.82996136e-01  1.27572802e+13]
 [ 8.17540158e-04 -1.27636109e+13  9.84301562e-01]]
  u_p_7 = [-0.015955, -522530713496844.000000, 0.934571]

k=8:
  R_8 =
[[ 9.94553269e-01  2.50590363e-18 -8.85417724e-19]
 [ 1.54412805e-18  7.53786409e-01  8.68555868e-17]
 [ 1.13474188e-17  7.00199317e-17  7.46495769e-01]]
  F_8 =
[[ 9.99464080e-01  2.00762250e-18 -9.61409333e-18]
 [-1.67997595e-18  9.60552524e-01  8.12942695e-17]
 [ 9.62187356e-18 -8.05323455e-17  9.60993389e-01]]
  u_p_8 = [-0.000000, -0.000000, -0.900141]

k=9:
  R_9 =
[[ 9.94444210e-01  1.16993584e-18  4.44729331e-20]
 [-4.96053480e-19  8.36059037e-01  2.26014635e-16]
 [ 1.13366209e-18  2.80254393e-16  8.10540112e-01]]
  F_9 =
[[ 9.99360615e-01  3.98323417e-03  1.25871124e-02]
 [ 6.56550119e-03  9.09416792e-01 -1.17050429e+14]
 [-5.24284801e-03  1.17091873e+14  9.08445829e-01]]
  u_p_9 = [-0.000000, 0.000000, -1.708294]

k=10:
  R_10 =
[[ 9.94236013e-01  1.35367977e-18 -2.61669900e-18]
 [-2.57912010e-18  9.17368115e-01  1.79060523e-16]
 [-1.60425978e-01 -1.77719145e+12  8.03337075e-01]]
  F_10 =
[[ 9.99167415e-01 -5.78304336e-04 -5.45971839e-03]
 [ 2.74002239e-03  8.55890475e-01 -1.71241414e+14]
 [ 6.04500158e-03  1.71199660e+14  8.55327506e-01]]
  u_p_10 = [-0.265950, -596451505531.500000, 0.592135]

k=11:
  R_11 =
[[ 9.93838616e-01 -9.78466561e-19 -1.48428377e-18]
 [ 5.66456751e-20  8.30729851e-01  9.21998540e-17]
 [ 1.48455729e-01  1.67866234e+14  7.84932767e-01]]
  F_11 =
[[ 9.98964309e-01 -2.00184125e-03 -1.10967024e-02]
 [ 1.48883837e-03  8.38190174e-01 -3.15863535e+13]
 [ 9.73061667e-03  3.15720024e+13  8.37882339e-01]]
  u_p_11 = [-0.613075, -5314154908459051.000000, 1.927663]

k=12:
  R_12 =
[[ 9.93579984e-01 -1.38153256e-18  1.21858661e-18]
 [ 1.21002370e-18  5.26865481e-01 -2.49823128e-16]
 [ 3.79990837e-17  4.36017718e-16  5.14992320e-01]]
  F_12 =
[[ 9.98919588e-01 -1.07150750e-03 -8.22423936e-04]
 [ 9.93942457e-04  8.56355144e-01  6.56565283e+13]
 [ 6.04650987e-04 -6.56692338e+13  8.55783904e-01]]
  u_p_12 = [0.000000, 0.000000, 2.051884]

k=13:
  R_13 =
[[ 9.88626808e-01  3.18385023e-04  8.91922585e-04]
 [-6.90853278e-02  1.54415018e-01  1.52965600e+14]
 [ 1.73409429e-03 -1.07070320e+14  7.38316986e-02]]
  F_13 =
[[ 9.99009680e-01 -5.05096793e-04 -3.47250217e-04]
 [ 6.00790117e-04  8.95116245e-01  5.51947053e+13]
 [ 4.38037022e-04 -5.51934996e+13  8.95324195e-01]]
  u_p_13 = [-0.000000, -0.000000, 1.673730]

k=14:
  R_14 =
[[ 9.95056006e-01  1.66055293e-18 -4.35655308e-18]
 [-1.03035424e-18 -3.29481833e-01 -1.57118524e-15]
 [-1.79218827e-17  1.09128193e-15 -3.19814874e-01]]
  F_14 =
[[ 9.99209032e-01  2.15055437e-21  2.17855529e-18]
 [ 1.46411461e-19  9.34308350e-01 -4.47625740e-16]
 [-1.39257642e-18  4.47880046e-16  9.34574966e-01]]
  u_p_14 = [-0.000000, -0.000000, 1.194113]

k=15:
  R_15 =
[[ 9.96689595e-01  2.93810357e-18 -5.86407634e-18]
 [-2.17674461e-18 -6.27200691e-01  4.21622509e-17]
 [ 8.85480330e-18 -3.75272036e-17 -6.13279222e-01]]
  F_15 =
[[ 9.99431564e-01 -1.18159500e-18  1.67061693e-18]
 [ 1.29366840e-18  9.60968135e-01  3.22819381e-17]
 [-2.25791292e-18 -3.23678836e-17  9.60955314e-01]]
  u_p_15 = [-0.000000, -0.000000, 0.733665]

k=16:
  R_16 =
[[ 9.97982977e-01  1.50776045e-18 -2.96348599e-18]
 [-1.94103602e-19 -8.03004396e-01  3.52594705e-17]
 [-1.68161555e-18 -3.49076843e-17 -7.97440430e-01]]
  F_16 =
[[ 9.99597248e-01 -1.14281539e-18  6.79294771e-19]
 [ 1.15788088e-18  9.77006936e-01 -7.11653797e-19]
 [-8.32922976e-19  9.26926134e-19  9.76939041e-01]]
  u_p_16 = [0.000000, -0.000000, 0.372540]

k=17:
  R_17 =
[[ 9.98876742e-01  1.42972930e-18 -1.05479058e-19]
 [ 1.31746357e-20 -9.04860901e-01  1.55069504e-17]
 [-1.17845991e-17 -8.86447107e-18 -9.02985226e-01]]
  F_17 =
[[ 9.99705127e-01  1.81758440e-19  1.18360230e-19]
 [-2.52619410e-19  9.86193138e-01  4.82789749e-18]
 [-6.98036806e-20 -4.53669858e-18  9.86157424e-01]]
  u_p_17 = [-0.000000, 0.000000, 0.169175]

k=18:
  R_18 =
[[ 9.99418561e-01 -4.02274815e-19  3.98980940e-19]
 [ 6.96510250e-20 -9.60894896e-01 -3.31799914e-18]
 [-4.40954337e-19  1.87049934e-17 -9.60298528e-01]]
  F_18 =
[[ 9.99765702e-01  3.18740140e-19 -7.42205937e-19]
 [-5.73106854e-19  9.91098019e-01 -2.54209575e-18]
 [ 5.27413495e-19  2.73220103e-18  9.91064410e-01]]
  u_p_18 = [-0.000000, 0.000000, 0.064981]

k=19:
  R_19 =
[[ 9.99729850e-01 -8.56943964e-19  7.84230504e-19]
 [-9.98677052e-19 -9.88700365e-01 -5.30575594e-18]
 [ 7.14347563e-19  4.23566238e-18 -9.88646186e-01]]
  F_19 =
[[ 9.99781153e-01  6.76784123e-19 -1.21455916e-18]
 [-4.96514715e-19  9.93328152e-01  2.86148626e-19]
 [ 7.54613989e-19  1.96414896e-19  9.93364091e-01]]
  u_p_19 = [0.000000, -0.000000, 0.016294]

k=20:
  R_20 =
[[ 9.99990927e-01  1.11421120e-19 -1.75644575e-19]
 [-1.16561494e-19 -9.99362533e-01 -7.20916284e-19]
 [-1.15746731e-19  8.21526446e-19 -9.99354584e-01]]

======================================================================
SO(3) CONSTRAINT VIOLATION ANALYSIS
======================================================================

--- ROTATION MATRICES R_k (k=0..N) ---
k    Orthog||R^TR-I||   |det(R)-1|      Norm Error      Orthog Error   
----------------------------------------------------------------------
0    3.79e-09           3.07e-09        3.79e-09        6.08e-16       
1    2.67e+26           1.70e+00        2.67e+26        4.35e+14       
2    2.98e+25           3.10e-03        2.98e+25        5.46e+12       
3    7.63e+27           3.43e-01        7.63e+27        6.07e+13       
4    8.11e+27           1.45e-01        8.11e+27        8.43e+13       
5    4.77e-01           3.39e-01        4.77e-01        1.55e-17       
6    6.49e-01           4.61e-01        6.49e-01        1.68e-17       
7    2.17e+26           5.58e-01        2.17e+26        9.03e+12       
8    6.19e-01           4.40e-01        6.19e-01        1.18e-16       
9    4.57e-01           3.26e-01        4.57e-01        4.16e-16       
10   3.16e+24           2.67e-01        3.16e+24        1.46e+12       
11   2.82e+28           3.67e-01        2.82e+28        1.34e+14       
12   1.03e+00           7.30e-01        1.03e+00        9.52e-17       
13   2.61e+28           1.62e+28        2.61e+28        1.89e+13       
14   1.27e+00           8.95e-01        1.27e+00        1.69e-16       
15   8.70e-01           6.17e-01        8.70e-01        1.25e-17       
16   5.09e-01           3.61e-01        5.09e-01        2.37e-18       
17   2.59e-01           1.84e-01        2.59e-01        1.22e-17       
18   1.09e-01           7.78e-02        1.09e-01        1.48e-17       
19   3.19e-02           2.28e-02        3.19e-02        1.07e-18       
20   1.81e-03           1.29e-03        1.81e-03        2.56e-19       

Max Orthogonality Error:  2.82e+28
Max Determinant Error:    1.62e+28
Max Norm Error:           2.82e+28
Max Orthog Error:         4.35e+14

--- STEP ROTATION MATRICES F_k (k=0..N-1) ---
k    Orthog||F^TF-I||   |det(F)-1|      Norm Error      Orthog Error   
----------------------------------------------------------------------
0    3.11e+12           2.29e+10        3.11e+12        1.75e+06       
1    1.32e+32           9.36e+31        1.32e+32        1.84e+15       
2    9.27e+25           6.55e+25        9.27e+25        1.86e+11       
3    3.06e+25           2.16e+25        3.06e+25        4.46e+10       
4    5.73e+25           4.05e+25        5.73e+25        2.57e+10       
5    5.11e-02           3.68e-02        5.11e-02        1.41e-18       
6    2.33e+26           1.65e+26        2.33e+26        3.30e+10       
7    2.30e+26           1.63e+26        2.30e+26        2.52e+10       
8    1.09e-01           7.74e-02        1.09e-01        8.78e-19       
9    1.94e+28           1.37e+28        1.94e+28        9.87e+11       
10   4.15e+28           2.93e+28        4.15e+28        1.14e+12       
11   1.41e+27           9.96e+26        1.41e+27        3.12e+11       
12   6.10e+27           4.31e+27        6.10e+27        8.09e+10       
13   4.31e+27           3.04e+27        4.31e+27        4.23e+10       
14   1.79e-01           1.28e-01        1.79e-01        9.56e-19       
15   1.08e-01           7.71e-02        1.08e-01        5.11e-19       
16   6.44e-02           4.59e-02        6.44e-02        2.50e-19       
17   3.88e-02           2.77e-02        3.88e-02        2.99e-19       
18   2.51e-02           1.80e-02        2.51e-02        3.82e-19       
19   1.88e-02           1.35e-02        1.88e-02        6.92e-19       

Max Orthogonality Error:  1.32e+32
Max Determinant Error:    9.36e+31
Max Norm Error:           1.32e+32
Max Orthog Error:         1.84e+15

============================================================
SOLUTION VARIABLES (ORDERED EXTRACTION)
============================================================

k=0:
  R_0 =
[[ 9.99999990e-01  5.98666681e-20 -4.35142806e-20]
 [ 6.87653148e-20  9.99999990e-01 -1.65622940e-20]
 [-7.57723184e-20  1.22239767e-19  9.99999990e-01]]
  F_0 =
[[ 9.99999991e-01 -2.91892842e-20  1.41221621e-21]
 [ 1.59895877e-20  9.99999991e-01  2.51676992e-14]
 [ 1.54474077e-20  1.24605238e-12  9.99999991e-01]]

k=1:
  R_1 =
[[ 9.99999988e-01 -9.19463138e-20  3.08352093e-19]
 [ 4.45444950e-21  9.99999980e-01 -1.06875924e-19]
 [ 6.27748398e-21 -2.97465733e-05  1.00000008e+00]]
  F_1 =
[[ 9.99945011e-01  8.56748525e-18  1.05188618e-17]
 [-8.05032243e-18  9.96883587e-01 -1.69212772e-02]
 [-1.53756114e-17  1.69246946e-02  9.96894805e-01]]
  u_p_1 = [0.000000, -2.636550, -0.001295]

k=2:
  R_2 =
[[ 9.99927429e-01  3.83107551e-18  6.78876739e-18]
 [ 1.10660664e-18  9.93989364e-01 -1.90163424e-02]
 [-1.00483579e-17  2.70337056e-02  9.88819696e-01]]
  F_2 =
[[ 9.99360506e-01  6.48004352e-17 -2.13510319e-18]
 [-5.91184875e-17  9.82452485e-01 -7.52686493e-02]
 [-1.33112193e-17  7.53287064e-02  9.79056280e-01]]
  u_p_2 = [-0.000000, 0.012160, 0.191519]

k=3:
  R_3 =
[[ 9.99005619e-01 -1.21419552e-17  4.63928930e-19]
 [ 1.15349118e-17  9.37542091e-01 -2.00326712e-01]
 [-6.52616040e-20  1.55265593e-01  9.48113624e-01]]
  F_3 =
[[ 9.98871452e-01  5.19817116e-17 -1.03834039e-19]
 [-4.00261189e-17  9.51586721e-01 -1.73999313e-01]
 [-9.49156292e-18  1.74061898e-01  9.53295069e-01]]
  u_p_3 = [0.000000, 0.375029, 0.165848]

k=4:
  R_4 =
[[ 9.97578933e-01  1.35759105e-17 -1.39086002e-17]
 [-1.66853810e-17  8.33966722e-01 -3.31580485e-01]
 [-7.73651801e-18  4.06773469e-01  7.56829784e-01]]
  F_4 =
[[ 9.99147997e-01 -5.40629262e-18  1.04345634e-17]
 [ 6.40310068e-18  9.29825244e-01 -2.45339396e-01]
 [-1.06008484e-17  2.45034361e-01  9.14078882e-01]]
  u_p_4 = [0.000000, -3.307416, 3.069340]

k=5:
  R_5 =
[[ 9.92409262e-01 -1.39903264e-17  1.81081397e-17]
 [-4.73459878e-18  1.92115344e-01 -5.52870477e-01]
 [ 3.51229570e-19  4.55464911e-01  3.33449859e-01]]
  F_5 =
[[ 9.95787890e-01 -7.99848567e-18 -1.86929162e-18]
 [ 2.65701806e-18  8.71181966e-01 -2.76316081e-01]
 [ 5.61765864e-19  2.76049086e-01  8.71140254e-01]]
  u_p_5 = [-0.000000, -0.698146, 2.168458]

k=6:
  R_6 =
[[ 9.93761313e-01 -1.41661600e-17  1.38713619e-17]
 [-5.99187225e-18 -1.42648073e-01 -4.09208746e-01]
 [-6.95405587e-18  4.79782206e-01 -3.76969945e-01]]
  F_6 =
[[ 9.96347403e-01  4.31601907e-05  4.05807265e-04]
 [ 4.03636155e-05  7.88021213e-01 -4.12622247e-01]
 [-4.81433188e-04  4.12678800e-01  7.83708890e-01]]
  u_p_6 = [-0.000000, 1.250862, 2.896139]

k=7:
  R_7 =
[[ 9.95131902e-01  2.04044484e-17  7.99703622e-18]
 [-1.74095198e-17 -7.43661403e-01 -2.42079534e-01]
 [-1.36893035e-04  2.22402779e-01 -7.35920739e-01]]
  F_7 =
[[ 9.97672011e-01 -5.00340798e-06  5.59672245e-04]
 [ 1.31858880e-04  6.99752719e-01 -6.02851267e-01]
 [-4.39444099e-04  6.03342831e-01  7.00287478e-01]]
  u_p_7 = [-0.034937, 3.303937, 0.018269]

k=8:
  R_8 =
[[ 9.95067556e-01 -2.23943282e-17 -6.48941399e-18]
 [ 1.67939345e-17 -5.48759958e-01  1.95308163e-01]
 [-3.59318566e-18 -1.81268407e-01 -5.19894640e-01]]
  F_8 =
[[ 9.97393667e-01 -1.40320293e-17  2.60535118e-17]
 [ 1.24458494e-17  6.32191717e-01 -5.35504739e-01]
 [-2.97921076e-17  5.35806250e-01  6.39836301e-01]]
  u_p_8 = [0.000000, 2.539035, -1.582526]

k=9:
  R_9 =
[[ 9.94714162e-01  9.81743793e-18  2.60293023e-18]
 [-1.54384507e-18  6.19932833e-02  3.44932602e-01]
 [ 5.70972825e-17 -4.31991176e-01  1.96404654e-01]]
  F_9 =
[[ 9.98435831e-01 -1.99907775e-17 -4.35878457e-18]
 [ 2.23441595e-17  6.63796314e-01 -5.38939251e-01]
 [-2.27333375e-18  5.39059280e-01  6.58817203e-01]]
  u_p_9 = [0.000000, 0.439335, -3.109624]

k=10:
  R_10 =
[[ 9.55829118e-01  3.68531960e-17  6.47845958e-18]
 [-1.94324796e-17  7.77542559e-01 -7.82115976e-03]
 [ 1.01037506e-17  5.34386837e-02  8.55520122e-01]]
  F_10 =
[[ 9.99267154e-01  6.14613880e-18 -6.33715301e-18]
 [-5.08318028e-18  8.30347802e-01 -3.73322152e-01]
 [ 6.71869100e-18  3.73327561e-01  8.27886112e-01]]
  u_p_10 = [-0.000000, -2.384081, 0.072433]

k=11:
  R_11 =
[[ 9.93749272e-01  1.98454133e-17 -2.26665646e-18]
 [-6.49007156e-18  7.54815765e-01 -4.45207916e-01]
 [ 2.84790827e-18  4.79725549e-01  7.89216266e-01]]
  F_11 =
[[ 9.99321927e-01  3.45922149e-18  8.11205561e-18]
 [-4.37720457e-18  8.30492840e-01 -4.83587610e-01]
 [-1.00246612e-17  4.83639854e-01  8.29178348e-01]]
  u_p_11 = [-0.000000, -2.168995, 1.473535]

k=12:
  R_12 =
[[ 9.82318729e-01 -5.63406641e-18  1.45147726e-18]
 [-7.63590784e-19  3.91999138e-01 -8.18702429e-01]
 [-1.53040011e-17  8.24971111e-01  4.28372390e-01]]
  F_12 =
[[ 9.98604709e-01 -2.46166947e-19  9.91525684e-18]
 [ 9.43680781e-19  8.64727891e-01 -4.44507915e-01]
 [-1.25500305e-17  4.44554688e-01  8.65051869e-01]]
  u_p_12 = [0.000000, -0.986751, 1.974167]

k=13:
  R_13 =
[[ 9.94630579e-01 -1.04891496e-18 -9.05136293e-18]
 [ 3.47210351e-20 -5.26204228e-02 -8.82850717e-01]
 [-1.01734823e-17  8.73053573e-01 -4.32573922e-02]]
  F_13 =
[[ 9.99323090e-01  7.05135475e-18  9.91276789e-19]
 [-4.79905755e-18  9.08928118e-01 -3.66098081e-01]
 [-1.68327019e-18  3.66095753e-01  9.08682126e-01]]
  u_p_13 = [-0.000000, -0.021354, 1.558163]

k=14:
  R_14 =
[[ 9.95917130e-01  4.35188483e-18 -1.88227298e-18]
 [-3.68547163e-18 -2.86237356e-01 -7.08082167e-01]
 [-6.29054952e-18  7.27966698e-01 -3.08467838e-01]]
  F_14 =
[[ 9.99508588e-01 -3.60498970e-18  7.76560546e-19]
 [ 2.24303810e-18  9.14251615e-01 -2.73323843e-01]
 [-6.12820040e-19  2.73342032e-01  9.20654267e-01]]
  u_p_14 = [-0.000000, 0.482610, 1.037332]

k=15:
  R_15 =
[[ 9.96820434e-01  1.31429287e-17 -1.61026277e-17]
 [-8.28779498e-18 -4.86867021e-01 -5.76396818e-01]
 [-7.68283706e-19  5.97013748e-01 -4.43884552e-01]]
  F_15 =
[[ 9.98880968e-01  1.91962095e-18 -1.05996545e-18]
 [-8.02383127e-19  9.30085827e-01 -2.30077290e-01]
 [-2.99013176e-18  2.30094621e-01  9.19848331e-01]]
  u_p_15 = [0.000000, 0.530047, 0.613695]

k=16:
  R_16 =
[[ 9.95976926e-01  1.71963343e-18 -7.44543287e-18]
 [-2.16171910e-19 -6.85629233e-01 -5.17816999e-01]
 [-8.29425048e-18  5.17148598e-01 -7.24340727e-01]]
  F_16 =
[[ 9.99603928e-01 -2.81538876e-18 -1.33464878e-18]
 [ 2.63061288e-18  9.71295070e-01 -1.98435446e-01]
 [-8.10739354e-18  1.98437424e-01  9.71151439e-01]]
  u_p_16 = [0.000000, 0.401895, 0.374873]

k=17:
  R_17 =
[[ 9.98919580e-01  1.64533908e-18 -3.28663266e-19]
 [-6.47763435e-20 -8.79319305e-01 -3.57620253e-01]
 [ 2.12986382e-18  3.91951950e-01 -8.57599919e-01]]
  F_17 =
[[ 9.99556002e-01  7.76435591e-19 -3.59756879e-18]
 [-1.00308279e-18  9.82460363e-01 -1.50261558e-01]
 [ 2.29401868e-18  1.50253479e-01  9.81828100e-01]]
  u_p_17 = [-0.000000, 0.366105, 0.320170]

k=18:
  R_18 =
[[ 9.99120663e-01  1.98101521e-18 -1.76775693e-18]
 [ 2.28250873e-18 -9.45156041e-01 -2.69075931e-01]
 [-5.31447118e-19  2.69927629e-01 -9.44654559e-01]]
  F_18 =
