SIMULATION LOG
================================================================================
MPC iteration: 16
n_substeps: 1
n_nodes: 2
max residual inf: 2.164934898019e-15
max constraint norm: 5.551115123126e-17
LGVI solve failures accepted by residual tolerance: 0
maximum accepted residual: 0.000000000000e+00
local simulation step of maximum accepted residual: None
hard failure occurred: False

Final state:
  k: 1.0
  t: 0.1
  u: 11.722707920576774
  thetaR1_rad: 1.348311772899216
  thetaR2_rad: -1.9805752723024388
  thetaR1_deg: 77.25257405492661
  thetaR2_deg: -113.47860411090352
  thetaF1_rad: 0.7555044933502664
  thetaF2_rad: 1.047197491735969
  thetaF1_deg: 43.28721887213983
  thetaF2_deg: 59.99999659315693
  R1_orth_error: 7.032625760627562e-16
  R2_orth_error: 4.318678040792077e-16
  F1_orth_error: 1.8808644764204805e-17
  F2_orth_error: 4.2155682348774885e-18
  R1_det_error: 1.1102230246251565e-16
  R2_det_error: 4.440892098500626e-16
  F1_det_error: 0.0
  F2_det_error: 0.0
  base_x: 0.0
  base_y: 0.0
  elbow_x: 0.9753522345184034
  elbow_y: -0.22065361682954018
  tip_x: 0.05814331972742437
  tip_y: 0.17775296773948354
  target_angle_error_norm_rad: 2.136309358848039
  target_angle_error_norm_deg: 122.40150999629151
  target_step_error_norm_rad: 1.291282163653842
  target_step_error_norm_deg: 73.98501813788641
  target_error_R1_deg: -102.74742594507339
  target_error_R2_deg: 66.52139588909651
  target_error_F1_deg: 43.287218872139846
  target_error_F2_deg: 59.99999659315693

F0 generated for next SDP iteration:
  This value will be used as F0 at MPC iteration 17.
  thetaF1_next_sdp_F0_rad: 0.7555044933502665
  thetaF1_next_sdp_F0_deg: 43.28721887213984
  thetaF2_next_sdp_F0_rad: 1.047197491735969
  thetaF2_next_sdp_F0_deg: 59.99999659315693
  max_step_angle_deg_link1: 59.99999999999999
  max_step_angle_deg_link2: 59.99999999999999
  next_sdp_initial_f1_within_max_step: True
  next_sdp_initial_f2_within_max_step: True

Raw next SDP initial values:
  c1_0: 0.22065361682954002
  s1_0: 0.975352234518403
  c2_0: -0.3984065845690236
  s2_0: -0.9172089147909789
  a1_prev: 0.7279257269435191
  b1_prev: 0.6856559895849726
  a2_prev: 0.500000051494414
  b2_prev: 0.8660253740541225
  thetaR1: 1.348311772899216
  thetaR2: -1.9805752723024388
  thetaF1_prev: 0.7555044933502665
  thetaF2_prev: 1.047197491735969
  thetaF1_last_fine: 0.7555044933502664
  thetaF2_last_fine: 1.047197491735969
