SIMULATION LOG
================================================================================
MPC iteration: 21
n_substeps: 1
n_nodes: 2
max residual inf: 4.926614671774e-16
max constraint norm: 5.721958498153e-17
LGVI solve failures accepted by residual tolerance: 0
maximum accepted residual: 0.000000000000e+00
local simulation step of maximum accepted residual: None
hard failure occurred: False

Final state:
  k: 1.0
  t: 0.1
  u: 8.079331992779844
  thetaR1_rad: 3.003507397624317
  thetaR2_rad: 3.01714194732454
  thetaR1_deg: 172.08829762019454
  thetaR2_deg: 172.8694997735787
  thetaF1_rad: 0.17875884387610136
  thetaF2_rad: -0.2618676763981634
  thetaF1_deg: 10.24212730473861
  thetaF2_deg: -15.003912648512362
  R1_orth_error: 1.1341327323768756e-15
  R2_orth_error: 8.627930590399883e-16
  F1_orth_error: 1.1000773388587493e-17
  F2_orth_error: 2.682780636779509e-17
  R1_det_error: 4.440892098500626e-16
  R2_det_error: 5.551115123125783e-16
  F1_det_error: 0.0
  F2_det_error: 0.0
  base_x: 0.0
  base_y: 0.0
  elbow_x: 0.13764684983161238
  elbow_y: 0.9904813702091694
  tip_x: 0.26177655647335274
  tip_y: 1.9827473708002588
  target_angle_error_norm_rad: 0.1858911407382593
  target_angle_error_norm_deg: 10.65077781317466
  target_step_error_norm_rad: 0.31706372262700366
  target_step_error_norm_deg: 18.166413143233893
  target_error_R1_deg: -7.911702379805457
  target_error_R2_deg: -7.130500226421303
  target_error_F1_deg: 10.2421273047386
  target_error_F2_deg: -15.003912648512358

F0 generated for next SDP iteration:
  This value will be used as F0 at MPC iteration 22.
  thetaF1_next_sdp_F0_rad: 0.1787588438761014
  thetaF1_next_sdp_F0_deg: 10.242127304738611
  thetaF2_next_sdp_F0_rad: -0.2618676763981632
  thetaF2_next_sdp_F0_deg: -15.003912648512351
  max_step_angle_deg_link1: 59.99999999999999
  max_step_angle_deg_link2: 59.99999999999999
  next_sdp_initial_f1_within_max_step: True
  next_sdp_initial_f2_within_max_step: True

Raw next SDP initial values:
  c1_0: -0.9904813702091695
  s1_0: 0.13764684983161224
  c2_0: -0.992266000591089
  s2_0: 0.12412970664174029
  a1_prev: 0.984065138592465
  b1_prev: 0.17780833222037948
  a2_prev: 0.9659081496468767
  b2_prev: -0.2588850062204182
  thetaR1: 3.003507397624317
  thetaR2: 3.01714194732454
  thetaF1_prev: 0.1787588438761014
  thetaF2_prev: -0.2618676763981632
  thetaF1_last_fine: 0.17875884387610136
  thetaF2_last_fine: -0.2618676763981634
