SIMULATION LOG
================================================================================
MPC iteration: 0
n_substeps: 100
n_nodes: 101
max residual inf: 2.220446049250e-16
max constraint norm: 5.721958498153e-17
LGVI solve failures accepted by residual tolerance: 0
maximum accepted residual: 0.000000000000e+00
local simulation step of maximum accepted residual: None
hard failure occurred: False

Final state:
  k: 100.0
  t: 0.1
  u: 3.687059100128595
  thetaR1_rad: -0.12727790876765885
  thetaR2_rad: 0.5526396888041243
  thetaR1_deg: -7.2924869976379885
  thetaR2_deg: 31.663921759899534
  thetaF1_rad: -0.004657034712704645
  thetaF2_rad: 0.01122665131368747
  thetaF1_deg: -0.26682843408389606
  thetaF2_deg: 0.6432397383392934
  R1_orth_error: 8.025022667553807e-15
  R2_orth_error: 7.582334642470372e-15
  F1_orth_error: 3.1401906962560656e-16
  F2_orth_error: 9.770649678552527e-19
  R1_det_error: 5.551115123125783e-15
  R2_det_error: 5.329070518200751e-15
  F1_det_error: 2.220446049250313e-16
  F2_det_error: 2.220446049250313e-16
  base_x: 0.0
  base_y: 0.0
  elbow_x: -0.06346727186790999
  elbow_y: -0.49595554780811235
  tip_x: 0.1990006304937542
  tip_y: -0.9215264587382039
  target_angle_error_norm_rad: 3.97350863025672
  target_angle_error_norm_deg: 227.66527437251878
  target_step_error_norm_rad: 0.012154245021162751
  target_step_error_norm_deg: 0.6963869428805196
  target_error_R1_deg: 172.70751300236202
  target_error_R2_deg: -148.33607824010048
  target_error_F1_deg: -0.26682843408389467
  target_error_F2_deg: 0.6432397383393011

Next SDP initial values:
  c1_0: 0.9919110956162277
  s1_0: -0.12693454373582036
  c2_0: 0.8511418218601853
  s2_0: 0.5249358047233297
  a1_prev: 0.97707349999163
  b1_prev: -0.21290226775239474
  a2_prev: 0.8936541402167669
  b2_prev: 0.4487563678360855
  thetaR1: -0.12727790876765885
  thetaR2: 0.5526396888041243
  thetaF1_prev: -0.21454437136737534
  thetaF2_prev: 0.46537322620440785
  thetaF1_last_fine: -0.004657034712704645
  thetaF2_last_fine: 0.01122665131368747
