SIMULATION LOG
================================================================================
MPC iteration: 5
n_substeps: 1
n_nodes: 2
max residual inf: 7.857603456785e-14
max constraint norm: 5.551115123126e-17
LGVI solve failures accepted by residual tolerance: 0
maximum accepted residual: 0.000000000000e+00
local simulation step of maximum accepted residual: None
hard failure occurred: False

Final state:
  k: 1.0
  t: 0.1
  u: 19.999121163945578
  thetaR1_rad: -0.2745049515107842
  thetaR2_rad: 2.3106110728710623
  thetaR1_deg: -15.727975177011245
  thetaR2_deg: 132.38826257170697
  thetaF1_rad: -0.1499235098291279
  thetaF2_rad: 0.0010315026692536543
  thetaF1_deg: -8.589984362997141
  thetaF2_deg: 0.05910074950471326
  R1_orth_error: 4.970749834213902e-16
  R2_orth_error: 5.613470775274253e-16
  F1_orth_error: 1.57098616647744e-16
  F2_orth_error: 1.5700926064492238e-16
  R1_det_error: 2.220446049250313e-16
  R2_det_error: 0.0
  F1_det_error: 1.1102230246251565e-16
  F2_det_error: 1.1102230246251565e-16
  base_x: 0.0
  base_y: 0.0
  elbow_x: -0.271070456561093
  elbow_y: -0.9625595085914224
  tip_x: 0.46752300397744634
  tip_y: -0.28840841273107665
  target_angle_error_norm_rad: 2.9850832951370876
  target_angle_error_norm_deg: 171.0326743063598
  target_step_error_norm_rad: 0.14992705825581096
  target_step_error_norm_deg: 8.590187672869993
  target_error_R1_deg: 164.27202482298875
  target_error_R2_deg: -47.611737428293026
  target_error_F1_deg: -8.589984362997152
  target_error_F2_deg: 0.05910074950470779

F0 generated for next SDP iteration:
  This value will be used as F0 at MPC iteration 6.
  thetaF1_next_sdp_F0_rad: -0.1499235098291279
  thetaF1_next_sdp_F0_deg: -8.589984362997141
  thetaF2_next_sdp_F0_rad: 0.0010315026692538736
  thetaF2_next_sdp_F0_deg: 0.05910074950472582
  max_step_angle_deg_link1: 59.99999999999999
  max_step_angle_deg_link2: 59.99999999999999
  next_sdp_initial_f1_within_max_step: True
  next_sdp_initial_f2_within_max_step: True

Raw next SDP initial values:
  c1_0: 0.9625595085914226
  s1_0: -0.2710704565610931
  c2_0: -0.6741510958603456
  s2_0: 0.7385934605385395
  a1_prev: 0.9887825055917949
  b1_prev: -0.149362500767806
  a2_prev: 0.9999994680011689
  b2_prev: 0.0010315024863344624
  thetaR1: -0.2745049515107842
  thetaR2: 2.3106110728710623
  thetaF1_prev: -0.1499235098291279
  thetaF2_prev: 0.0010315026692538736
  thetaF1_last_fine: -0.1499235098291279
  thetaF2_last_fine: 0.0010315026692536543
