SIMULATION LOG
================================================================================
MPC iteration: 4
n_substeps: 1
n_nodes: 2
max residual inf: 4.718447854657e-16
max constraint norm: 5.551115123126e-17
LGVI solve failures accepted by residual tolerance: 0
maximum accepted residual: 0.000000000000e+00
local simulation step of maximum accepted residual: None
hard failure occurred: False

Final state:
  k: 1.0
  t: 0.1
  u: 7.89794443951287
  thetaR1_rad: -0.12458144168165629
  thetaR2_rad: 2.3095795702018083
  thetaR1_deg: -7.137990814014103
  thetaR2_deg: 132.32916182220225
  thetaF1_rad: -0.19435753252098534
  thetaF2_rad: -0.5360693262659535
  thetaF1_deg: -11.135866330029103
  thetaF2_deg: -30.71450992146066
  R1_orth_error: 4.96545225130611e-16
  R2_orth_error: 5.37279226334083e-16
  F1_orth_error: 1.5191268213899458e-18
  F2_orth_error: 7.16623588905101e-18
  R1_det_error: 2.220446049250313e-16
  R2_det_error: 4.440892098500626e-16
  F1_det_error: 0.0
  F2_det_error: 0.0
  base_x: 0.0
  base_y: 0.0
  elbow_x: -0.124259429889344
  elbow_y: -0.9922497639624689
  tip_x: 0.6150290262498828
  tip_y: -0.31886088774065413
  target_angle_error_norm_rad: 3.129632953511991
  target_angle_error_norm_deg: 179.31475966129966
  target_step_error_norm_rad: 0.5702150234875252
  target_step_error_norm_deg: 32.6709142607883
  target_error_R1_deg: 172.86200918598593
  target_error_R2_deg: -47.670838177797755
  target_error_F1_deg: -11.135866330029096
  target_error_F2_deg: -30.71450992146065

F0 generated for next SDP iteration:
  This value will be used as F0 at MPC iteration 5.
  thetaF1_next_sdp_F0_rad: -0.19435753252098534
  thetaF1_next_sdp_F0_deg: -11.135866330029103
  thetaF2_next_sdp_F0_rad: -0.5360693262659534
  thetaF2_next_sdp_F0_deg: -30.714509921460657
  max_step_angle_deg_link1: 59.99999999999999
  max_step_angle_deg_link2: 59.99999999999999
  next_sdp_initial_f1_within_max_step: True
  next_sdp_initial_f2_within_max_step: True

Raw next SDP initial values:
  c1_0: 0.9922497639624691
  s1_0: -0.12425942988934403
  c2_0: -0.6733888762218149
  s2_0: 0.7392884561392268
  a1_prev: 0.9811719557674486
  b1_prev: -0.19313620379276522
  a2_prev: 0.8597229511229719
  b2_prev: -0.5107606556033935
  thetaR1: -0.12458144168165629
  thetaR2: 2.3095795702018083
  thetaF1_prev: -0.19435753252098534
  thetaF2_prev: -0.5360693262659534
  thetaF1_last_fine: -0.19435753252098534
  thetaF2_last_fine: -0.5360693262659535
